# callgrind format
version: 1
creator: callgrind-3.15.0
pid: 7602
cmd:  ./HT_O3
part: 1


desc: I1 cache: 
desc: D1 cache: 
desc: LL cache: 

desc: Timerange: Basic block 0 - 384482526
desc: Trigger: Program termination

positions: line
events: Ir
summary: 2425693687


ob=(3) /usr/lib/x86_64-linux-gnu/libc-2.31.so
fl=(63) ./string/../sysdeps/x86_64/multiarch/ifunc-avx2.h
fn=(242) strnlen
32 6
-2 10
fi=(163) ./string/../sysdeps/x86_64/multiarch/strnlen.c
+1 2
fe=(63)

fn=(268) strlen
32 3
-2 5
fi=(164) ./string/../sysdeps/x86_64/multiarch/strlen.c
-1 1
fe=(63)

fn=(276) memchr
32 6
-2 10
fi=(165) ./string/../sysdeps/x86_64/multiarch/memchr.c
-1 2
fe=(63)

fn=(294) strchrnul
32 3
-2 5
fi=(166) ./string/../sysdeps/x86_64/multiarch/strchrnul.c
+1 1
fe=(63)

fn=(222) rawmemchr
32 3
-2 5
fi=(167) ./string/../sysdeps/x86_64/multiarch/rawmemchr.c
+1 1
fe=(63)

fn=(270) memrchr
32 3
-2 5
fi=(168) ./string/../sysdeps/x86_64/multiarch/memrchr.c
-1 1
fe=(63)

fn=(220) rindex
32 3
-2 5
fi=(169) ./string/../sysdeps/x86_64/multiarch/strrchr.c
-2 1
fe=(63)

fl=(129) ./libio/iofread.c
fn=(536) fread
31 4
+1 1
-1 1
+1 1
-1 2
+4 3
+2 13
fi=(116) ./libio/../sysdeps/unix/sysv/linux/x86/lowlevellock.h
+10 2
fe=(129)
-10 3
+1 4
cfi=(114) ./libio/genops.c
cfn=(540) _IO_sgetn
calls=1 409 
* 440
* 1
fi=(124) ./libio/libioP.h
884 2
+1 10
fe=(129)
40 2
+1 9
-1 2

fl=(87) ./misc/init-misc.c
fn=(330) __init_misc
31 2
-1 4
+1 3
+2 3
cfi=(88) ./string/../sysdeps/x86_64/multiarch/../strrchr.S
cfn=(334) __strrchr_sse2
calls=1 -9 
* 24
* 1
+4 5
+1 3
+2 4

fl=(145) ./stdlib/../sysdeps/ieee754/dbl-64/dbl2mpn.c
fn=(692) __mpn_extract_double
33 1
+4 1
-2 1
+2 2
+1 5
+9 2
+9 1
-9 1
+9 2
+47 1
+4 1
-4 1
+4 1

fl=(112) ./misc/sbrk.c
fn=(444) sbrk
32 146
+8 73
-8 146
+8 435
+4 146
+4 260
+5 3
+7 55
-19 2
cfi=(113) ./misc/../sysdeps/unix/sysv/linux/x86_64/brk.c
cfn=(446) brk
calls=1 -10 
* 10
* 2
+4 2
+11 65
cfi=(113)
cfn=(446)
calls=65 -25 
* 656
* 130
+4 310

fl=(107) ./malloc/arena.c
fn=(416) ptmalloc_init.part.0
289 5
+13 1
-8 1
+8 1
+6 3
fi=(105) ./malloc/malloc.c
1795 4
+3 2
-3 3
+3 252
-3 378
+11 1
fe=(107)
313 2
fi=(105)
1807 1
fe=(107)
313 1
fi=(105)
1809 1
fe=(107)
313 2
cob=(1) /usr/lib/x86_64-linux-gnu/ld-2.31.so
cfi=(100) ./elf/../sysdeps/x86_64/dl-trampoline.h
cfn=(389) _dl_runtime_resolve_xsave'2
calls=1 72 
* 819
* 5
+1 4
cob=(1)
cfi=(8) ./elf/dl-tunables.c
cfn=(26) __tunable_get_val
calls=1 +57 
* 19
* 1
+1 4
cob=(1)
cfi=(8)
cfn=(26)
calls=1 +56 
* 18
* 1
+1 4
cob=(1)
cfi=(8)
cfn=(26)
calls=1 +55 
* 19
* 1
+1 4
cob=(1)
cfi=(8)
cfn=(26)
calls=1 +54 
* 19
* 1
+1 4
cob=(1)
cfi=(8)
cfn=(26)
calls=1 +53 
* 18
* 1
+1 4
cob=(1)
cfi=(8)
cfn=(26)
calls=1 +52 
* 19
* 1
+1 4
cob=(1)
cfi=(8)
cfn=(26)
calls=1 +51 
* 19
* 1
+2 4
cob=(1)
cfi=(8)
cfn=(26)
calls=1 +49 
* 19
* 1
+1 4
cob=(1)
cfi=(8)
cfn=(26)
calls=1 +48 
* 19
* 1
+1 4
cob=(1)
cfi=(8)
cfn=(26)
calls=1 +47 
* 19
* 1
+3 4
cob=(1)
cfi=(8)
cfn=(26)
calls=1 +44 
* 19
* 1
+69 2
+1 2
+3 1
+1 6
-98 5
cfi=(108) ./elf/dl-addr.c
cfn=(418) _dl_addr
calls=1 126 
* 72359
* 2
+1 4

fl=(74) ./wcsmbs/../sysdeps/x86_64/multiarch/ifunc-wmemset.h
fn=(258) wmemset
32 4
-2 2
+2 6
-2 4
fi=(75) ./wcsmbs/../sysdeps/x86_64/multiarch/wmemset.c
+1 4
fe=(74)

fl=(136) ./stdio-common/printf.c
fn=(624) printf
28 29
+4 1
+1 2
-1 2
+1 1
-1 1
+1 1
-1 1
+1 1
-1 1
+1 1
cfi=(137) ./stdio-common/vfprintf-internal.c
cfn=(626) __vfprintf_internal
calls=1 1289 
* 3365
-5 3
+4 1
+1 2
-1 2
+1 1
-1 1
+1 1
-1 1
+1 1
-1 1
+1 1
cfi=(137)
cfn=(626)
calls=1 1289 
* 1422
+4 10

fl=(95) ./stdlib/cxa_atexit.c
fn=(360) __new_exitfn
88 2
-6 4
+11 4
-10 2
+12 4
-2 1
+10 1
-10 3
+45 1
+5 1
-4 1
+4 4
-18 1
-1 1
+1 1

fn=(356) __internal_atexit
36 5
+5 6
+2 1
fi=(96) ./stdlib/../sysdeps/unix/sysv/linux/x86/lowlevellock.h
+4 1
fe=(95)
-4 2
fi=(96)
+4 2
fe=(95)
-3 2
cfn=(360)
calls=1 +44 
* 31
+2 2
+7 1
+3 1
-3 2
+4 1
-2 1
+3 1
+1 4
+2 7

fn=(354) __cxa_atexit
70 2
cfn=(356)
calls=1 -34 
* 70

fl=(103) ./time/../sysdeps/unix/sysv/linux/clock_gettime.c
fn=(396) clock_gettime@@GLIBC_2.17
31 10
+7 22
+35 8

fl=(113)
fn=(446)
31 396
+2 132
+6 63
+1 63
-5 6
+1 6

fl=(131) ./libio/iofclose.c
fn=(564) fclose@@GLIBC_2.2.5
34 4
+14 3
fi=(124)
884 2
+1 3
fe=(131)
57 1
fi=(124)
941 3
+2 2
+1 2
fe=(131)
57 3
cfi=(115) ./libio/fileops.c
cfn=(588) _IO_file_finish@@GLIBC_2.2.5
calls=1 169 
* 27
+1 3
fi=(124)
856 4
+1 4
+6 2
cob=(2) ???
cfi=(17) ???
cfn=(498) 0x0000000004874318
calls=1 0 
* 80
fe=(131)
76 5
-27 1
cfi=(114)
cfn=(566) _IO_un_link
calls=1 +5 
* 93
+2 10
fi=(116)
-4 2
fe=(131)
+4 4
fi=(124)
884 2
fe=(131)
52 2
+1 2
cfi=(115)
cfn=(574) _IO_file_close_it@@GLIBC_2.2.5
calls=1 +76 
* 257
fi=(124)
884 1
fe=(131)
53 1
fi=(124)
884 2
+1 6
fe=(131)
71 2

fl=(60) ./string/../sysdeps/x86_64/multiarch/ifunc-strcasecmp.h
fn=(246) strncasecmp
32 4
fi=(71) ./string/../sysdeps/x86_64/multiarch/strncase.c
-1 1
fe=(60)

fn=(212) strcasecmp
32 4
fi=(61) ./string/../sysdeps/x86_64/multiarch/strcasecmp.c
-1 1
fe=(60)

fn=(296) strncasecmp_l
32 4
fi=(83) ./string/../sysdeps/x86_64/multiarch/strncase_l.c
-1 1
fe=(60)

fn=(272) strcasecmp_l
32 4
fi=(78) ./string/../sysdeps/x86_64/multiarch/strcasecmp_l.c
-1 1
fe=(60)

fl=(99) ./setjmp/sigjmp.c
fn=(378) __sigjmp_save
28 2
+2 2
-1 1
+5 3

fl=(91) ./string/../sysdeps/x86/cacheinfo.c
fn=(342) handle_intel.constprop.0
259 21
+2 9
+3 6
+8 6
+3 6
-2 3
+2 3
-5 6
+11 15
+5 6
+2 3
+1 3
-1 3
+5 12
cfn=(344) intel_check_word.constprop.0
calls=3 132 
* 990
+2 6
+3 15
cfn=(344)
calls=3 132 
* 317
+2 6
+19 33

fn=(344)
132 18
-4 24
+10 18
-10 6
+10 24
+2 12
+68 18
+3 36
-71 24
+2 15
+2 30
+8 30
+51 24
+22 12
fi=(92) ./string/../bits/stdlib-bsearch.h
28 12
-1 24
+8 69
-6 162
+2 162
+1 81
fe=(91)
+87 162
+3 81
fi=(92)
-85 24
fe=(91)
+97 3
255 24
-91 9
+3 9
-6 3
+3 6
+9 6
+1 6
+22 5
-32 15
+3 15
+4 16
+2 32
+2 14
+1 4
+5 3
+2 6
+2 3
+2 3
+1 3
-2 3
-1 3
+2 6
-2 3
+3 3
-2 9
+2 9
-11 10
+1 6
+1 2

fn=(340) init_cacheinfo
488 7
+14 2
755 1
+13 1
502 2
758 2
+2 1
+1 1
+2 1
-3 1
+5 1
-5 1
+4 3
+4 2
+3 2
+2 1
+1 1
+2 1
-3 1
+5 1
-5 1
+4 3
+9 1
+2 8
-2 1
+3 8
500 1
+4 1
-4 1
+4 1
cfn=(342)
calls=1 259 
* 456
+2 1
-2 1
+2 1
cfn=(342)
calls=1 259 
* 494
+5 1
-5 1
+5 1
cfn=(342)
calls=1 259 
* 519
* 1
+8 2
-9 1
+20 1
+5 3
+4 2
+8 6
+3 4
+6 2
-6 9
+6 6
+3 26
+14 2
+4 1
+3 1
+1 1
-4 1
+3 1
-3 1
+3 1
+6 4
-39 6
691 4
+1 5
+4 2
+59 2
564 2
+4 1
+1 1
-1 2
+1 1
+23 2
+8 2
+2 1
-2 6
+2 4
-2 1
+4 1
+23 2
-25 2
+2 6
+2 6
+3 2
+1 8
+2 4
+3 2
+5 1
+2 2
+1 1
+1 1
-2 2
+1 1
+1 1
+27 2
+1 2
+2 1
-1 1
+1 1
-24 2
-7 1
+11 2
+3 1
+2 4
+1 1
+5 2

fl=(77) ./string/../sysdeps/x86_64/multiarch/strchr.c
fn=(266) index
40 3
-2 1
+2 1
-2 2
+5 4
+6 1

fl=(73) ./wcsmbs/../sysdeps/x86_64/multiarch/wcsnlen.c
fn=(256) wcsnlen
40 3
-2 1
+2 1
-2 2
+5 4
+6 1

fl=(125) ./io/../sysdeps/unix/sysv/linux/lseek64.c
fn=(506) lseek
36 8
+2 2

fl=(146) ./stdlib/../sysdeps/x86_64/lshift.S
fn=(694) __mpn_lshift
29 1
+1 1
+2 1
+1 1
+1 1
+12 1
+1 1
+1 1
+1 1
+1 1
+1 1
+1 1
+6 1
+1 1
+1 1

fl=(105)
fn=(438) _int_malloc
3513 813330
1208 232380
+2 580950
3638 116186
+2 116186
-2 116186
+2 232372
+2 6
+1 12
+6 6
-4 6
+1 6
+1 6
+2 12
+7 24
-1 12
+1 12
+5 12
2926 6
3661 30
1868 6
3678 6
1868 12
4147 1045710
1210 232380
3553 232380
4131 232380
3577 232380
+58 1882
+62 143
+1 12
3582 230498
+2 230498
+5 691494
4133 232360
3637 116180
4133 1510340
3718 116180
-1 116180
-1 116180
+1 232360
+1 232364
-1 4
-1 4
+1 8
+1 8
-2 232366
+6 116183
+6 116183
+67 348549
-67 348549
-6 1
+6 1
+67 3
-67 3
3892 71
3759 71
+42 71
+91 142
-91 71
-74 71
+32 71
2926 71
3801 142
2926 142
3731 142
+1 71
+2 142
+1 213
+2 71
+1 284
+2 284
-10 71
+12 142
+1 142
+2 142
+11 284
+31 71
+1 71
+4 142
+29 12
+2 6
+1 6
-1 6
+1 18
+1 6
+56 12
+9 6
-9 18
+1 6
+1 6
+1 6
+1 6
+5 6
+1 12
1868 195
3794 65
+1 65
-1 65
+1 130
+5 65
-21 65
+21 65
+1 325
1868 130
3900 18
3728 18
3917 232238
+2 12
+3 4
-3 4
+3 8
+68 232238
+1 116119
+1 116119
-1 116119
+3 116119
-2 116119
+2 116119
-1 232238
+1 116119
+5 232238
3697 8
4006 1393380
-3 1393392
4103 116119
+1 232238
+2 232238
+3 348424
+17 201
3757 142
3638 2811
4141 268
cfn=(440) sysmalloc
calls=67 2255 
* 10870
* 67
+1 134
-22 348357
cfn=(448) alloc_perturb
calls=116119 1868 
* 464476
+1 116119
-7 116052
-3 116052
+1 116052
-1 116052
+3 116052
-1 116052
+1 116052
+2 116052
-2 580260
+2 116052
+3 232104

fn=(682) munmap_chunk
2809 2
+2 2
-1 2
+1 2
-1 2
+1 2
+2 4
+4 4
+4 4
+1 2
+6 2
-8 2
+8 2
+1 2
-1 4
+1 8
+3 2
+1 6
+5 2
+1 2
-1 2
cfi=(142) ./misc/../sysdeps/unix/syscall-template.S
cfn=(684) munmap
calls=2 117 
* 10
-21 4

fn=(434) tcache_init.part.0
2981 1
-9 1
+9 6
fi=(110) ./malloc/../sysdeps/unix/sysv/linux/x86/lowlevellock.h
47 2
fe=(105)
2982 3
cfn=(438)
calls=1 3513 
* 358
* 1
+1 2
+8 4
+7 2
+2 1
+1 2
-1 1
+1 86
+3 2

fn=(584) systrim.constprop.0
2741 40
+11 24
+2 8
+1 16
-4 8
+8 24
+2 24
+7 21
cfi=(111) ./malloc/morecore.c
cfn=(442) __default_morecore
calls=7 46 
* 175
* 7
+1 28
-13 8
+49 48

fn=(440)
2255 536
+20 134
+11 134
+1 331
fi=(107)
536 195
fe=(105)
2302 260
+66 65
+1 195
+1 65
+9 580
+6 195
+3 195
2705 130
+1 65
+5 130
+3 130
+5 65
-2 65
+5 65
-6 65
+3 130
-1 65
+1 130
+1 65
-1 130
+1 65
+8 603
2288 6
+14 8
+6 4
+19 6
+16 2
-1 2
+1 4
+5 6
+1 10
+3 6
+1 10
+26 325
-77 130
2449 130
+11 63
+8 126
+2 325
cfi=(111)
cfn=(442)
calls=65 46 
* 2752
+4 195
-4 65
+4 65
+3 124
+1 124
+48 62
-2 124
+2 62
-2 185
+2 61
+6 122
-6 1
+6 124
+1 61
2710 61
2533 183
-65 4
+29 9
+4 6
2705 3
+5 6
2493 6
+1 5
+31 2
-22 24
cfi=(128) ./misc/../sysdeps/unix/sysv/linux/mmap64.c
cfn=(530) mmap
calls=3 51 
* 57
+2 9
-2 3
+2 3
+12 3
-8 3
+13 6
+4 6
-2 6
2632 3
2526 3
+36 3
+70 6
+30 4
-1 4
-1 4
+1 8
+1 4
-1 4
+1 4
+11 8
+7 6
+1 9
+8 3
+2 3
+4 6
+2 12
cfn=(582) _int_free
calls=3 4155 
* 177
* 3
2535 4
+40 3
+22 2
+1 5
+2 1
+1 5
cfi=(111)
cfn=(442)
calls=1 46 
* 25
+12 3
-12 1
+12 1
+8 2
+1 2
+1 3
2310 14
cfi=(128)
cfn=(530)
calls=2 51 
* 38
+2 4

fn=(528) calloc
3366 116186
+10 116186
-10 464744
+10 929488
+8 232372
+1 232372
+9 348558
+2 348558
+10 116186
+1 348558
+21 348558
cfn=(438)
calls=116186 +85 
* 17433152
* 116186
+2 580930
+3 348558
+14 232372
+6 116186
+2 116186
-2 232372
+3 2
-1 4
+50 14
-44 116184
+3 232368
+11 116184
+2 232368
+2 232368
-49 580920
+20 116184
+14 580698
+16 232368
+25 580920
-25 116184
cfi=(135) ./string/../sysdeps/x86_64/multiarch/memset-vec-unaligned-erms.S
cfn=(610) __memset_sse2_unaligned
calls=116184 109 
* 3129837
* 116184

fn=(448)
1868 348357
+2 116119

fn=(500) free
3087 116190
+5 232380
+1 232380
+6 232380
+5 116188
-2 116188
+2 232376
+18 348558
+2 348558
+1 116186
+1 116186
-1 116186
cfn=(582)
calls=116186 4155 
* 16257765
-17 6
+2 6
+8 2
+8 2
-8 2
cfn=(682)
calls=2 2809 
* 74
+8 4
-15 4
+2 2
+1 3

fn=(680) malloc_consolidate
4441 7
+17 7
-17 14
+28 7
-28 35
+15 7
+2 7
+13 14
+1 14
-1 126
+1 126
+58 210
+1 56
-31 223506
+4 859
+2 859
+1 859
+1 859
+2 1718
-4 110894
+1 110894
+1 110894
+2 221788
+1 109307
+1 109307
+4 109307
-1 109307
+2 109307
-2 218614
+1 109307
+2 109307
+9 218614
-11 2446
-1 2446
+2 2446
-2 4892
+1 2446
+2 2446
+9 116638
-52 335238
+1 446984
-1 21
+1 28
+8 111753
-3 111753
+3 111753
+1 111753
+1 223506
+2 223506
+1 845
+2 845
-1 845
+2 3380
+2 2535
cfn=(678) unlink_chunk.constprop.0
calls=845 1451 
* 15708
* 845
+3 223506
+5 221788
-1 110894
+1 110894
cfn=(678)
calls=110894 1451 
* 2323482
* 221788

fn=(582)
4155 929512
+10 580945
+6 580945
+1 232378
+4 464756
+8 580945
-1 232378
+1 232378
+3 116188
+6 232376
+13 464752
+14 232328
+11 460968
+2 345726
1875 345726
4254 115242
+1 115242
+4 345726
+2 345726
+4 230484
+2 115242
+1 115242
+18 460952
4428 1278079
4295 1844
+3 922
+3 4610
+7 922
-4 922
+4 1844
+3 1844
+5 2766
+3 1844
+1 1844
+1 1844
1875 2766
4327 1844
+1 432
+2 432
-1 432
+2 1728
+2 864
cfn=(678)
calls=432 1451 
* 8139
+3 1844
+5 1828
+4 514
+9 514
-1 514
+2 1028
-1 400
-1 400
+2 800
+2 914
+1 914
+1 1828
+5 914
+1 914
+2 2742
+1 914
+30 1844
+20 2766
2926 25
+2 25
-4 25
+2 50
+1 25
+1 25
4209 25
4361 249
+1 498
+37 24
+3 24
-23 8
+1 24
+1 16
-39 400
+1 400
-1 400
cfn=(678)
calls=400 1451 
* 7560
+1 400
-30 3
-2 2
+89 14
cfn=(680)
calls=7 +41 
* 7033547
* 7
+4 40
+2 16
cfn=(584)
calls=8 2741 
* 431
* 8

fn=(410) malloc
3031 3
-8 12
+8 3
+1 6
1208 4
+2 8
3044 8
+3 4
+9 6
+2 6
cfn=(438)
calls=2 3513 
* 294
* 2
+1 14
+23 10
1210 2
3042 6
+7 3
-16 1
+49 3
-49 1
cfi=(106) ./malloc/hooks.c
cfn=(412) malloc_hook_ini
calls=1 30 
* 74807

fn=(411) malloc'2
3031 1
-8 4
+8 1
+1 2
1208 2
+2 4
3044 4
+12 3
+2 3
cfn=(438)
calls=1 3513 
* 145
* 1
+1 7
+23 5
1210 1
3042 3
-64 4
cfn=(434)
calls=1 +3 
* 472
+69 2
+1 4
+1 3

fn=(678)
1451 112571
+2 562855
+3 112571
+1 112571
+2 450284
+3 112571
+1 112571
+1 553753
+24 225142

fl=(132) ./io/../sysdeps/unix/sysv/linux/close_nocancel.c
fn=(580) __close_nocancel
26 4
+1 1

fl=(128)
fn=(530)
51 10
-3 20
+6 10
+5 30
+2 15
-7 10

fl=(148) ./stdlib/../sysdeps/x86_64/rshift.S
fn=(698) __mpn_rshift
29 2
+1 2
+1 2
+13 2
+1 2
+16 2
+1 2
+1 2
+1 2
+1 2
+1 2
+1 2
+5 2
+1 2
+1 2
+1 2
+1 2

fl=(65) ./string/../sysdeps/x86_64/multiarch/ifunc-memcmp.h
fn=(230) bcmp
34 1
-1 2
+1 1
-2 2
+6 3
fi=(66) ./string/../sysdeps/x86_64/multiarch/memcmp.c
-9 1
fe=(65)

fl=(64) ./wcsmbs/../sysdeps/x86_64/multiarch/ifunc-avx2.h
fn=(224) wmemchr
32 6
-2 10
fi=(170) ./wcsmbs/../sysdeps/x86_64/multiarch/wmemchr.c
+1 2
fe=(64)

fn=(226) wcscmp
32 3
-2 6

fn=(240) wcschr
32 6
-2 10
fi=(171) ./wcsmbs/../sysdeps/x86_64/multiarch/wcschr.c
+1 2
fe=(64)

fn=(278) wcslen
32 3
-2 5
fi=(172) ./wcsmbs/../sysdeps/x86_64/multiarch/wcslen.c
-1 1
fe=(64)

fl=(143) ./stdio-common/printf_fp.c
fn=(686) __printf_fp
1267 1
-1 2
+1 3
cfn=(688) __printf_fp_l
calls=1 208 
* 2571

fn=(688)
208 12
+81 1
-81 4
+50 1
-9 1
+16 1
-7 1
+10 1
-10 3
+10 1
-10 1
+10 2
fi=(144) ./stdio-common/../include/../locale/localeinfo.h
+47 2
fe=(143)
-44 1
fi=(144)
+44 1
fe=(143)
-44 1
+18 2
+8 1
-71 1
-1 1
379 1
-1 2
+5 2
+4 7
1260 12
387 6
cfi=(145)
cfn=(692)
calls=1 33 
* 20
* 5
+36 1
+13 1
-13 6
+1 1
+1 2
+3 5
+1 2
+1 1
-2 1
+2 1
-1 1
-1 1
+2 1
-1 1
+1 1
+7 2
+17 1
+4 4
-4 2
+16 2
+11 1
-41 1
+10 1
+31 1
-30 7
+33 3
+41 1
+1 2
-1 1
+1 3
cfi=(130) ./string/../sysdeps/x86_64/multiarch/memmove-vec-unaligned-erms.S
cfn=(554) memcpy@GLIBC_2.2.5
calls=1 128 
* 10
* 1
+16 4
+9 12
+2 24
-74 24
-4 12
+4 49
-4 1
+4 4
+15 1
-13 2
+64 5
cfi=(130)
cfn=(554)
calls=1 128 
* 10
* 1
+1 3
+1 3
+1 1
+3 1
-5 1
+1 1
+1 2
-1 1
+1 1
+5 2
+1 2
+6 2
+4 1
+4 1
-4 1
+4 2
-4 10
+6 2
822 1
+10 1
-10 1
+10 1
+6 1
-16 1
+10 2
+6 1
-6 2
+2 2
+10 2
542 3
cfi=(147) ./stdlib/cmp.c
cfn=(696) __mpn_cmp
calls=1 35 
* 11
+3 1
-3 2
907 1
-1 4
+7 1
fi=(150) ./stdio-common/../sysdeps/pthread/allocalim.h
27 2
cfi=(149) ./nptl/alloca_cutoff.c
cfn=(700) __libc_alloca_cutoff
calls=1 +1 
* 10
+2 3
fe=(143)
923 8
+1 1
+3 1
-3 1
+3 2
+3 5
-6 4
+9 3
cfn=(704) hack_digit
calls=1 162 
* 117
* 3
cfn=(704)
calls=1 162 
* 117
* 2
-3 4
+3 4
+4 6
+2 3
-4 1
+18 2
-2 2
+1 3
+1 2
+4 6
-1 6
+2 6
-1 6
cfn=(704)
calls=6 162 
* 692
* 6
+3 18
-7 12
+1 4
+15 3
+1 3
cfn=(704)
calls=1 162 
* 117
+2 2
-2 1
+2 5
fi=(153) ./stdio-common/../sysdeps/generic/get-rounding-mode.h
94 1
+1 7
fi=(154) ./stdio-common/../include/rounding-mode.h
-43 2
fe=(143)
1098 3
+13 3
+46 2
+2 2
-2 5
+2 5
+2 2
252 2
fi=(154)
58 2
fe=(143)
999 2
-5 2
+5 1
-1 1
+1 4
+5 2
+4 2
+80 3
-69 2
+69 4
+78 3
846 1
+1 1
+7 1
-7 2
+3 4
+2 1
+40 1
-44 1
+4 1
+2 2
-7 1
+5 1
-3 1
-2 1
+45 2
1168 2
+3 5
+9 1
+7 1
-7 2
+7 2
+5 3
cfi=(155) ./string/../sysdeps/x86_64/multiarch/../strlen.S
cfn=(716) __strlen_sse2
calls=1 79 
* 16
* 1
+2 2
-2 1
+2 2
+5 1
+2 1
-2 3
+2 2
+11 7
+7 12
+3 16
+3 16
-6 24
+1 27
+1 2
-2 1
+2 1
cfi=(130)
cfn=(648) __mempcpy_sse2_unaligned
calls=1 115 
* 15
* 1
* 1
-2 2
+10 6
+17 5
+3 3
+7 3
-10 130
cfi=(114)
cfn=(718) __overflow
calls=9 199 
* 450
* 18
906 3
fi=(144)
315 2
fe=(143)
1161 5
fi=(154)
52 2
fe=(143)
847 3
465 1
-2 1
+2 1
-3 2
+3 4
-3 2
cfi=(146)
cfn=(694)
calls=1 29 
* 15
+4 9
+1 2
+1 5
634 2
804 1
1195 2
599 1
-3 1
+3 3
+28 2
-28 2
+16 2
+2 1
-2 1
cfi=(148)
cfn=(698)
calls=1 29 
* 17
+3 2
-1 1
+1 1
-1 1
+1 3
cfi=(148)
cfn=(698)
calls=1 29 
* 17
+2 6

fn=(704)
162 36
+3 27
+2 9
+2 18
-2 18
+8 18
+21 27
cfi=(152) ./stdlib/../sysdeps/x86_64/mul_1.S
cfn=(708) __mpn_mul_1
calls=9 32 
* 180
+1 18
+1 40
+4 45
-23 63
cfi=(151) ./stdlib/divrem.c
cfn=(706) __mpn_divrem
calls=9 46 
* 391
+2 9
-2 9
+2 27
+3 9
-2 9
+2 9
+1 54
+11 9
+5 18

fl=(149)
fn=(700)
28 9
+7 1

fl=(134) ./string/../sysdeps/x86_64/multiarch/../memchr.S
fn=(600) __memchr_sse2
33 145184
+1 145184
+11 145184
+1 145184
+1 145184
+1 145183
+3 145183
+1 145183
+2 145183
+1 145183
+2 111189
+1 111189
+1 111189
+1 111189
+2 111189
+1 408
+1 408
+1 407
+1 407
+1 407
+1 407
+1 407
+1 407
+1 407
+4 33994
+1 33994
+1 33994
+2 33994
+2 33994
+2 33994
+1 33994
+1 33994
+2 16844
+2 16844
+1 16844
+1 16844
+1 16844
+1 16844
+7 17150
+1 17150
+1 17150
+1 17150
+1 17150
+1 17150
+1 34300
+4 17150
+1 17150
+1 17150
+1 17150
+1 17150
-4 407
+1 407
+1 407
+1 407
+1 407
+2 51
+1 51
+1 51
+1 51
+1 51
+2 3
+1 3
+1 3
+1 3
+1 3
+2 1
+1 1
+1 1
+1 1
+1 1
+1 1
+2 1
+1 1
+2 1
+1 1
+2 1
+1 1
+1 1
+1 1
+1 1
+2 1
+1 1
+1 1
+1 1
+1 1
+2 1
+1 1
+1 1
+1 1
+1 1
+2 1
+1 1
+1 1
+2 1
+1 1
+1 1
+2 1
+1 1
+1 1
+1 2
+4 1
+1 1
-1 9673
+1 9673
+1 9673
+1 9673
+1 9673
+1 9673
+2 9673
+1 9673
+1 9673
+1 9673
+2 9673
+1 9673
+1 9673
+1 9673
+2 9673
+2 9673
+1 9673
+27 1
+1 1
+2 1
+1 1
+1 1
+1 1
+1 1
+2 1
+1 1
+1 1
+1 1
+1 1
+2 1
+1 1
+1 1
+1 1
+1 1
+1 1
+1 1
+35 17506
+1 17506
+1 17506
+4 48
+1 48
+1 48
+4 2
+1 2
+1 2
+4 110781
+1 110781
+1 110781
+1 110781
+1 110781
+28 3
+1 3

fl=(156) ./stdlib/exit.c
fn=(722) __run_exit_handlers
40 10
+5 3
+11 3
fi=(96)
-9 1
fe=(156)
+9 3
fi=(96)
-9 1
fe=(156)
+9 2
fi=(96)
-9 2
fe=(156)
+12 2
+2 5
+51 1
fi=(96)
-65 1
fe=(156)
+65 2
fi=(96)
-65 1
fe=(156)
+67 2
-44 6
+2 1
+1 1
-1 1
+4 4
+1 8
+29 1
+2 1
-5 1
+5 1
-2 2
+2 1
cob=(1)
cfi=(158) ./elf/dl-fini.c
cfn=(728) _dl_fini
calls=1 -78 
* 697
+1 1
+11 2
+1 2
+5 5
-61 1
+1 4
+63 2
+1 6
cfi=(114)
cfn=(774) _IO_cleanup
calls=1 863 
* 342
* 3
+2 2
cfi=(162) ./posix/../sysdeps/unix/sysv/linux/_exit.c
cfn=(792) _Exit
calls=1 27 
* 4
-86 1
cfi=(157) ./stdlib/cxa_thread_atexit_impl.c
cfn=(724) __call_tls_dtors
calls=1 +99 
* 11
* 1

fn=(720) exit
138 1
+1 4
cfn=(722)
calls=1 -99 
* 1151

fl=(70) ./string/../sysdeps/x86_64/multiarch/ifunc-sse4_2.h
fn=(280) strspn
30 5
fi=(173) ./string/../sysdeps/x86_64/multiarch/strspn.c
-1 1
fe=(70)

fn=(244) strcspn
30 5
fi=(174) ./string/../sysdeps/x86_64/multiarch/strcspn.c
-1 1
fe=(70)

fn=(264) strpbrk
30 5
fi=(175) ./string/../sysdeps/x86_64/multiarch/strpbrk.c
-1 1
fe=(70)

fl=(68) ./string/../sysdeps/x86_64/multiarch/strcmp.c
fn=(236) strcmp
41 6
-2 2
+2 2
-2 4
+5 6
+9 2

fl=(102) ./time/../sysdeps/unix/sysv/linux/clock.c
fn=(394) clock
25 2
+9 2
-9 6
+9 4
cfi=(103)
cfn=(396)
calls=2 -3 
* 40
* 4
+4 2
-1 2
+1 14
+1 10

fl=(114)
fn=(452) _IO_old_init
534 1
-2 1
+1 1
-1 1
+2 2
+16 1
-14 1
+14 1
+5 1
-18 1
+1 1
+1 1
+1 1
+1 1
+1 1
+1 1
+1 1
+2 1
+1 1
+1 1
+1 1
+6 2
+1 2
+2 1

fn=(496) _IO_free_backup_area
187 4
+1 4
+2 4
cob=(2)
cfi=(17)
cfn=(498)
calls=2 0 
* 20
+1 2
+1 2
+1 2
+1 4

fn=(568) __GI__IO_un_link.part.0
52 5
+6 1
-6 3
+6 2
+1 6
fi=(116)
-12 2
fe=(114)
+12 2
+2 1
-1 1
-1 1
+2 1
-2 1
+2 7
fi=(116)
-14 1
fe=(114)
+14 2
fi=(116)
-14 1
fe=(114)
+27 1
-13 1
+2 1
+13 1
-15 1
+13 1
-13 1
+15 1
-13 2
+3 1
-1 2
+1 1
+8 1
+2 11
+2 1
-2 1
+2 2
-20 4
+19 1
+1 8
+1 2
+3 8

fn=(788) _IO_default_setbuf
452 1
fi=(124)
941 1
fe=(114)
452 4
fi=(124)
941 1
fe=(114)
452 1
fi=(124)
941 1
fe=(114)
452 2
+1 1
fi=(124)
943 2
+1 2
fe=(114)
453 2
cfi=(115)
cfn=(790) _IO_file_sync@@GLIBC_2.2.5
calls=1 793 
* 17
* 2
+4 1
330 1
462 1
-7 2
337 1
-5 1
467 1
333 1
+4 1
465 3
+1 3
+2 6
-11 1
+1 2
-1 1
330 4

fn=(450) _IO_no_init
563 9
+1 1
cfn=(452)
calls=1 -30 
* 27
+1 1
+1 2
+2 1
+1 1
+1 1
+1 1
+1 1
+1 1
+1 1
+1 1
+1 1
+1 1
+1 1
+1 1
+2 1
+6 1
+1 6

fn=(566)
54 5
cfn=(568)
calls=1 -2 
* 90
+28 1

fn=(590) _IO_default_finish
601 2
+2 3
+6 3
+3 3
54 2
624 2

fn=(718)
199 18
+2 27
+2 9
fi=(124)
941 27
+2 18
+1 18
fe=(114)
203 9
+1 18
-1 9
cfi=(115)
cfn=(638) _IO_file_overflow@@GLIBC_2.2.5
calls=9 732 
* 297

fn=(774)
863 1
+3 1
-3 9
+3 1
cfn=(776) _IO_flush_all_lockp
calls=1 686 
* 112
-80 1
+80 1
-80 2
+1 6
fi=(116)
47 2
fe=(114)
787 2
+3 1
-3 2
+3 2
fi=(124)
941 4
fe=(114)
807 2
+31 3
-48 9
+9 9
+2 6
+6 8
fi=(116)
47 2
fe=(114)
807 2
+8 5
+9 1
fi=(124)
943 2
+1 2
fe=(114)
824 4
cfi=(115)
cfn=(786) _IO_file_setbuf@@GLIBC_2.2.5
calls=1 382 
* 82
+2 3
+4 5
+1 10
+11 10
+1 2
+35 12
-92 4
+31 2
+2 1
+1 1
-1 1
+2 3
-14 4

fn=(776)
686 8
+5 6
+1 6
fi=(116)
47 2
fe=(114)
692 2
+3 1
-8 1
+5 2
+3 2
fi=(124)
941 3
fe=(114)
699 2
+10 6
+2 3
-16 9
+2 3
+1 6
+3 21
+14 10
+1 3
+4 12
-29 4

fn=(456) _IO_link_in
87 8
+1 10
+4 1
-2 3
+2 5
+1 6
fi=(116)
-46 2
fe=(114)
+46 2
+2 1
-1 1
-1 2
+2 7
fi=(116)
-48 1
fe=(114)
+48 2
fi=(116)
-48 1
fe=(114)
+48 1
+5 1
-3 1
-2 2
+3 1
-1 1
+3 14
+1 1
+1 8
+1 2
+3 16

fn=(494) _IO_setb
329 27
+1 14
+5 6
-3 3
+3 6
-2 3
+2 6
+3 18
-7 1
cob=(2)
cfi=(17)
cfn=(498)
calls=1 0 
* 152
+4 2

fn=(486) _IO_doallocbuf
344 4
-1 6
+3 8
+1 2
fi=(124)
941 6
+2 4
+1 4
fe=(114)
347 4
cfi=(122) ./libio/filedoalloc.c
cfn=(488) _IO_file_doallocate
calls=2 78 
* 579
* 4
+3 8

fn=(576) _IO_unsave_markers
960 1
+2 1
-2 1
+2 1
+5 3
+2 2

fn=(550) _IO_switch_to_get_mode
164 4
+1 3
+3 3
+4 2
+1 2
+7 1
-4 1
+4 1
-2 2
+3 1
+1 4

fn=(540)
409 1
fi=(124)
941 3
fe=(114)
409 1
+2 1
fi=(124)
943 2
+1 2
fe=(114)
411 1
+1 2
-1 1
cfi=(115)
cfn=(542) _IO_file_xsgetn
calls=1 1273 
* 426

fn=(544) __underflow
269 4
+1 4
+5 2
+3 3
+2 2
+6 2
+7 1
fi=(124)
941 3
+2 2
+1 2
fe=(114)
293 1
+1 1
-1 1
+1 2
-1 1
cfi=(115)
cfn=(546) _IO_file_underflow@@GLIBC_2.2.5
calls=1 466 
* 97
-2 3

fn=(642) _IO_default_xsputn
371 9
+3 2
fi=(124)
941 7
fe=(114)
399 17
fi=(124)
943 10
+1 10
fe=(114)
399 20
cfi=(115)
cfn=(638)
calls=5 732 
* 165
* 10
+2 5
-2 5
-20 24
+24 1
+1 8

fl=(76) ./wcsmbs/../sysdeps/x86_64/multiarch/wcscpy.c
fn=(262) wcscpy
37 5
+6 1

fl=(147)
fn=(696)
35 2
+2 1
+1 1
+1 2
+8 5

fl=(108)
fn=(418)
126 2
+2 1
-2 8
+5 1
-5 1
+5 2
cob=(1)
cfi=(2) ./elf/rtld.c
cfn=(52) rtld_lock_default_lock_recursive
calls=1 841 
* 2
+2 2
cob=(1)
cfi=(100)
cfn=(389)
calls=1 -61 
* 901
* 5
+2 3
30 1
+1 1
-1 1
+1 1
+3 2
+5 1
+6 1
-7 1
+2 3
+2 3
+3 2
+4 5
-5 4
+5 4043
+2 1010
+1 2020
-1 1
+1 2
+2 2757
+10 9296
+1 14950
+5 7065
-10 7065
+1 14130
+2 7034
+37 2
+1 1
+1 3
+3 2
+36 2
cob=(1)
cfi=(2)
cfn=(54) rtld_lock_default_unlock_recursive
calls=1 847 
* 2
+3 9
-79 2007
+52 1
+21 1
-20 2

fl=(121) ./libio/ioseekoff.c
fn=(482) _IO_seekoff_unlocked
34 6
-1 18
+10 12
+1 2
+15 3
fi=(176) ./libio/../libio/libioP.h
941 9
+2 6
+1 6
fe=(121)
59 3
+1 3
-1 6
+1 9
-1 3
cfi=(115)
cfn=(484) _IO_file_seekoff@@GLIBC_2.2.5
calls=3 901 
* 674

fl=(162)
fn=(792)
27 1
+4 1
+2 2

fl=(127) ./libio/ioftell.c
fn=(518) ftell
34 4
+3 10
fi=(116)
+10 2
fe=(127)
-10 3
+1 5
cfi=(121)
cfn=(482)
calls=1 -4 
* 70
* 1
+1 1
fi=(124)
884 2
fe=(127)
39 2
fi=(124)
885 5
fe=(127)
45 2
+12 5
fi=(124)
884 2
+1 4
fe=(127)

fl=(94) ./csu/../csu/libc-start.c
fn=(352) (below main)
137 10
+4 1
-4 3
+4 3
+96 2
+1 3
cfi=(95)
cfn=(354)
calls=1 70 
* 72
+22 4
+3 2
+1 5
cob=(5) /home/nikita/Phystech/Prog/Optimization/HT_O3
cfi=(93) ???
cfn=(362) __libc_csu_init
calls=1 0 
* 50
+4 4
+15 2
+12 2
cfi=(97) ./setjmp/../sysdeps/x86_64/bsd-_setjmp.S
cfn=(374) _setjmp
calls=1 30 
* 28
+1 2
+5 2
+1 2
+3 2
+3 6
cob=(5)
cfi=(93)
cfn=(380) main
calls=1 0 
* 2425570670
* 1
+34 1
cfi=(156)
cfn=(720)
calls=1 138 
* 1156

fl=(118) ./string/../string/strstr.c
fn=(466) __GI_strstr
77 7
+5 1
-5 3
+5 2
+2 4
cfi=(119) ./string/../sysdeps/x86_64/multiarch/../strchr.S
cfn=(470) __strchr_sse2
calls=1 -60 
* 23
* 1
* 1
+1 2
+44 1
+32 12

fl=(142)
fn=(684)
117 8
+5 2

fl=(97)
fn=(374)
30 1
+2 1
cfi=(98) ./setjmp/../sysdeps/x86_64/setjmp.S
cfn=(376) __sigsetjmp
calls=1 * 
* 26

fl=(160) ./nptl/register-atfork.c
fn=(742) __unregister_atfork
79 4
+1 6
fi=(161) ./nptl/../sysdeps/unix/sysv/linux/x86/lowlevellock.h
-33 4
fi=(177) ./nptl/../malloc/dynarray-skeleton.c
239 2
fe=(160)
68 4
+38 8
+1 4

fl=(120) ./libio/fseek.c
fn=(478) fseek
32 16
+3 20
fi=(116)
+12 4
fe=(120)
-12 6
+1 10
cfi=(121)
cfn=(482)
calls=2 -2 
* 690
* 8
fi=(124)
884 4
+1 20
fe=(120)
39 14

fl=(126) ./io/../sysdeps/unix/sysv/linux/read.c
fn=(510) read
26 18
+1 3

fl=(81) ./wcsmbs/../sysdeps/x86_64/multiarch/ifunc-memcmp.h
fn=(290) wmemcmp
34 1
-1 2
+1 1
-2 2
+6 3
fi=(82) ./wcsmbs/../sysdeps/x86_64/multiarch/wmemcmp.c
-9 1
fe=(81)

fl=(86) ./csu/init-first.c
fn=(328) _init
52 3
+3 3
+14 1
+8 1
-10 1
+1 1
+1 1
+8 1
cfi=(87)
cfn=(330)
calls=1 -46 
* 49
+8 2
-5 1
cfi=(89) ./ctype/ctype-info.c
cfn=(336) __ctype_init
calls=1 -49 
* 16
-18 1
-7 1
+7 4

fl=(135)
fn=(610)
109 1157170
+6 231434
+1 231434
+1 231434
+1 231434
+70 231434
+1 231434
+7 201688
+3 231434
+1 231434
+1 231434
+1 231434
+1 231434
+1 231434
+1 231434
+1 231434
+1 231434
+1 231434
+1 231434
+1 231434
+1 231434
+1 231434
+2 131873
+1 131873
+1 131873
+1 131873
+1 131873
+1 131873
+1 131873
+1 29746

fl=(90) ./libio/vtables.c
fn=(338) check_stdfiles_vtables
84 4
+1 3
+1 3
+2 1

fl=(111)
fn=(442)
46 73
+1 73
cfi=(112)
cfn=(444)
calls=73 -15 
* 2441
+2 219
+3 146

fl=(98)
fn=(376)
32 1
+9 1
+1 2
+1 1
+4 1
+1 1
+1 1
+1 1
+1 1
+2 2
+2 1
+1 1
+3 2
+2 1
+23 1
cfi=(99)
cfn=(378)
calls=1 -56 
* 8

fl=(137)
fn=(626)
1289 24
+31 10
+8 7
+4 10
+11 6
+11 4
fi=(178) ./stdio-common/printf-parse.h
111 4
fe=(137)
1354 4
fi=(178)
111 2
cfi=(119)
cfn=(630) __strchrnul_sse2
calls=2 -87 
* 64
* 2
fe=(137)
1369 2
fi=(178)
111 2
fe=(137)
1365 2
+4 4
+4 2
fi=(179) ./stdio-common/../libio/libioP.h
941 2
+2 2
-2 4
+2 2
-2 2
+2 2
+1 4
fe=(137)
1373 12
cfi=(115)
cfn=(634) _IO_file_xsputn@@GLIBC_2.2.5
calls=2 1198 
* 231
* 8
+4 2
-4 2
+4 4
+4 16
-57 2
+34 2
-8 2
+73 16
-12 2
-1 2
+13 2
-7 2
-7 2
-1 2
+15 2
-16 2
+8 2
-3 2
-6 2
+17 4
-18 2
-1 2
+19 4
-20 2
-1 2
+21 2
-3 2
-1 2
+1 4
-92 2
1741 14
+1 6
+3 24
1369 14
+1 14
fi=(138) ./stdio-common/../sysdeps/unix/sysv/linux/x86/lowlevellock.h
47 4
fe=(137)
1370 8
1741 12
-36 2
+2 4
+8 2
fi=(178)
111 4
fe=(137)
1715 2
fi=(178)
111 2
fe=(137)
1715 2
fi=(178)
111 2
cfi=(119)
cfn=(630)
calls=2 -87 
* 40
* 2
fe=(137)
1719 2
-4 2
+4 6
fi=(179)
943 6
+1 4
fe=(137)
1719 12
cfi=(115)
cfn=(634)
calls=2 1198 
* 459
* 26
+2 6
-34 53
cfi=(143)
cfn=(686)
calls=1 1267 
* 2577
* 22
cfi=(139) ./stdio-common/_itoa.c
cfn=(636) _itoa_word
calls=1 165 
* 81
* 35
fi=(179)
943 3
+1 2
fe=(137)
1687 6
cfi=(115)
cfn=(634)
calls=1 1198 
* 736
* 20
-27 11
+21 1
-21 7
+27 18
+1 2
-1 18

fl=(130)
fn=(648)
115 4
+1 4
+1 4
+17 4
+1 4
+1 1
+1 1
+5 1
+1 1
+1 1
+1 1
+5 1
280 3
+1 3
+1 2
+1 2
+1 2
+1 2
+1 2
+1 2
+1 2
+2 2
+22 1
+1 1
+1 1
+1 1
+1 1

fn=(554)
128 938
+6 938
+1 938
+1 938
+1 938
+5 2
+1 2
+1 2
+1 2
+5 2
340 936
+1 936
+1 857
+1 857
+2 857
+1 857
+1 857
+1 857
+1 857
+1 857
+1 857
+1 857
+1 857
+1 857
+1 857
+1 857
+1 857
+1 857
+1 857
+1 857
+2 857
+15 79
+1 79
+58 79
+1 79
+1 79
+1 79
+1 79
+2 79
+3 79
+1 79
+1 79
+1 79
+2 79
+2 79
+2 79
+3 79
+1 79
+4 167
+1 167
+1 167
+1 167
+1 167
+1 167
+1 167
+1 167
+1 167
+1 167
+1 167
+1 167
+1 167
+2 79
+1 79
+1 79
+1 79
+2 79
+2 79

fl=(151)
fn=(706)
46 99
+3 18
+13 9
+1 9
-16 9
+18 18
+6 36
+1 34
+1 24
-1 24
+4 18
+3 9
234 81
68 1
-1 1
+1 1

fl=(117) ./io/../sysdeps/unix/sysv/linux/open64.c
fn=(464) open
37 1
+3 1
-3 8
+3 6
+8 10
+2 7

fl=(119)
fn=(630)
24 4
+1 4
+1 4
+1 4
+1 4
+1 4
+1 4
+1 4
+1 4
+1 4
+1 4
+1 4
+1 4
+1 4
+1 4
+1 4
+1 4
+1 3
+2 3
+7 3
+4 1
+1 1
+1 1
+1 1
+1 1
+1 1
+1 1
+1 1
+1 1
+1 1
+1 1
+1 1
+1 1
+1 1
+1 1
+1 1
+1 1
+1 1
+1 1
+1 1
+1 1
+1 1
+1 1
+1 1
+52 1
+2 1
+7 1

fn=(470)
24 1
+1 1
+1 1
+1 1
+1 1
+1 1
+1 1
+1 1
+1 1
+1 1
+1 1
+1 1
+1 1
+1 1
+1 1
+1 1
+1 1
+1 1
+4 1
+1 1
+1 1
+1 1
+2 1

fl=(140) ./io/../sysdeps/unix/sysv/linux/write.c
fn=(656) write
26 14
+1 2

fl=(122)
fn=(488)
78 16
+6 8
fi=(124)
941 6
+2 4
+1 4
fe=(122)
84 6
cfi=(115)
cfn=(490) _IO_file_stat
calls=2 1147 
* 28
* 4
+2 8
+11 8
+4 4
cob=(2)
cfi=(17)
cfn=(408) 0x0000000004874308
calls=2 0 
* 385
* 2
+1 4
+2 8
cfi=(114)
cfn=(494)
calls=2 329 
* 54
+1 2
+1 16
-15 1
fi=(180) ./libio/../include/sys/sysmacros.h
-44 6
fe=(122)
+44 1
-2 2
+5 2

fl=(104) ./libio/iofopen.c
fn=(406) __fopen_internal
57 7
+8 1
-8 1
+8 1
cob=(2)
cfi=(17)
cfn=(408)
calls=1 -65 
* 74821
+2 3
+3 1
+2 2
-2 1
+2 5
cfi=(114)
cfn=(450)
calls=1 563 
* 60
+1 1
+1 1
-1 1
+1 1
cfi=(115)
cfn=(454) _IO_new_file_init_internal
calls=1 +38 
* 91
+1 5
cfi=(115)
cfn=(460) _IO_file_fopen@@GLIBC_2.2.5
calls=1 214 
* 197
* 2
-38 2
+44 7

fn=(404) fopen@@GLIBC_2.2.5
86 2
cfn=(406)
calls=1 -29 
* 75211

fl=(141) ./string/../sysdeps/x86_64/multiarch/strcmp-sse2-unaligned.S
fn=(662) __strcmp_sse2_unaligned
24 13274900
+1 13274900
+1 13274900
+1 13274900
+1 13274900
+1 13274900
+1 13274900
+1 12068300
+1 12068300
+1 12068300
+1 12068300
+1 12068300
+1 12068300
+1 12068300
+1 12068300
+1 12068300
+2 12068300
+1 12068300
+1 12068300
+1 12068300
+1 12068300
+4 26600
+1 26600
+1 26600
+1 26600
+1 26600
+1 26600
+1 26600
+1 26600
+1 26600
+1 26600
+1 26600
+1 26600
+1 26600
+1 26600
+1 26600
+1 26600
+1 26600
+1 26600
+1 26600
+1 26600
+1 26600
+1 26600
+1 26600
+1 26600
+1 26600
197 2038900
+1 2038900
+1 942600
+1 942600
+1 942600
+2 2149200
+1 2149200
+1 2149200
+1 2149200
+1 110300
+2 110300
+1 110300
-1 1096300
+1 1096300

fl=(106)
fn=(412)
30 1
-1 2
+1 1
fi=(107)
291 4
cfn=(416)
calls=1 -2 
* 74125
fe=(106)
32 1
+1 1
-1 1
cfi=(105)
cfn=(411)
calls=1 3031 
* 671

fl=(155)
fn=(716)
79 1
+1 1
+1 1
+1 1
+1 1
+1 1
+1 1
+2 1
+2 1
+31 1
+1 1
+1 1
+1 1
+1 1
+1 1
+2 1

fl=(67) ./string/../sysdeps/x86_64/multiarch/strncmp.c
fn=(234) strncmp
41 3
-2 1
+2 1
-2 2
+5 4
+1 2
+9 1

fl=(89)
fn=(336)
31 7
+2 4
+2 4
+1 1

fl=(139)
fn=(636)
165 1
+3 4
+2 2
+9 72
+9 2

fl=(152)
fn=(708)
32 9
+3 9
+1 9
+1 9
+1 9
+1 9
+2 9
+1 9
+2 9
+1 9
+1 9
+1 9
+1 9
+2 9
+1 9
+1 9
+1 9
+69 9
+2 9
+3 9

fl=(159) ./stdlib/cxa_finalize.c
fn=(738) __cxa_finalize
30 16
+3 2
fi=(96)
+14 2
fe=(159)
-14 4
fi=(96)
+14 4
+4 2
fe=(159)
-15 6
+4 14
-4 6
+58 8
+4 14
-4 6
+12 4
+1 4
cfi=(160)
cfn=(742)
calls=2 -28 
* 32
+2 8
+1 16

fl=(123) ./io/../sysdeps/unix/sysv/linux/wordsize-64/fxstat.c
fn=(492) _fxstat
33 9
+1 6
+1 12
+4 3

fl=(57) ./string/../sysdeps/x86_64/multiarch/ifunc-memmove.h
fn=(254) memcpy@@GLIBC_2.14
45 6
-1 4
+5 4
-1 4
+12 4
+8 4
+1 4
+2 10

fn=(228) mempcpy
45 3
-1 2
+5 2
-1 2
+12 2
+8 2
+1 2
+2 5

fn=(206) memmove
45 6
-1 4
+5 4
-1 4
+12 4
+8 4
+1 4
+2 10

fl=(58) ./string/../sysdeps/x86_64/multiarch/ifunc-strcpy.h
fn=(216) strcat
36 3
-2 1
+2 1
-2 2
+5 3
fi=(62) ./string/../sysdeps/x86_64/multiarch/strcat.c
-10 1
fe=(58)

fn=(282) stpncpy
36 3
-2 1
+2 1
-2 2
+5 3
fi=(79) ./string/../sysdeps/x86_64/multiarch/stpncpy.c
-8 1
fe=(58)

fn=(208) strncpy
36 3
-2 1
+2 1
-2 2
+5 3
fi=(59) ./string/../sysdeps/x86_64/multiarch/strncpy.c
-10 1
fe=(58)

fn=(250) strcpy
36 3
-2 1
+2 1
-2 2
+5 3
fi=(72) ./string/../sysdeps/x86_64/multiarch/strcpy.c
-10 1
fe=(58)

fn=(286) stpcpy
36 3
-2 1
+2 1
-2 2
+5 3
fi=(80) ./string/../sysdeps/x86_64/multiarch/stpcpy.c
-6 1
fe=(58)

fl=(157)
fn=(724)
145 3
+1 4
+18 4

fl=(69) ./string/../sysdeps/x86_64/multiarch/ifunc-memset.h
fn=(238) memset
42 10
+4 4
-1 4
+6 4
+6 4
+8 8
fi=(181) ./string/../sysdeps/x86_64/multiarch/memset.c
-36 2
fe=(69)

fl=(88)
fn=(334)
24 1
+1 1
+1 1
+1 1
+1 1
+1 1
+1 1
+1 1
+1 1
+1 1
+1 1
+1 1
+1 1
+1 1
+1 1
+1 1
+1 1
+1 1
+1 1
+1 1
+1 1
+1 1
+1 1
+1 1

fl=(115)
fn=(508) _IO_file_read
1132 3
+2 3
-1 3
+1 6
cfi=(126)
cfn=(510)
calls=3 26 
* 21

fn=(578) _IO_file_close
1168 2
cfi=(132)
cfn=(580)
calls=1 26 
* 5

fn=(790)
793 4
+5 4
+2 1
+1 2
+11 2
+4 4

fn=(542)
1273 9
+7 1
-7 1
+7 1
+11 1
fi=(124)
941 3
fe=(115)
1291 4
+2 3
+1 2
-1 6
+1 4
+8 4
+8 4
+9 6
+1 8
+10 3
+1 3
+7 2
+1 6
+3 1
fi=(124)
943 2
+1 2
fe=(115)
1342 3
cfn=(508)
calls=1 1132 
* 12
+1 2
+12 1
-2 1
+1 1
+1 2
+1 2
-65 2
+5 3
cfi=(130)
cfn=(554)
calls=1 128 
* 173
* 1
+1 3
+25 2
cfi=(114)
cfn=(544)
calls=1 269 
* 131
* 2
+39 9

fn=(638)
732 68
+1 51
+7 100
+37 16
-2 32
+3 28
+3 42
+1 42
+1 56
+4 14
+1 56
-45 2
+12 2
+9 3
+5 3
+2 2
-5 1
+5 1
+1 1
-5 1
+1 1
+4 4
+1 1
+2 2
+2 3
+11 3
-12 3
+12 6
-11 3
-1 3
cfn=(640) _IO_do_write@@GLIBC_2.2.5
calls=3 426 
* 226
-31 2
cfi=(114)
cfn=(486)
calls=1 344 
* 324
+1 1
+9 1
-9 4

fn=(460)
214 10
+9 2
+2 5
357 12
225 1
+13 2
+10 8
+33 5
cfn=(462) _IO_file_open
calls=1 -98 
* 82
* 1
+3 2
+3 3
cfi=(118)
cfn=(466)
calls=1 77 
* 57
* 1
+1 2
-59 1
-1 1
-13 2

fn=(490)
1147 3
+1 9
cfi=(123)
cfn=(492)
calls=3 33 
* 30

fn=(504) _IO_file_seek
1141 4
cfi=(125)
cfn=(506)
calls=2 36 
* 10

fn=(588)
169 4
+1 2
+7 1
-1 2
+1 2
-1 1
cfi=(114)
cfn=(590)
calls=1 601 
* 15

fn=(654) _IO_file_write@@GLIBC_2.2.5
1174 12
+2 12
+5 2
cfi=(140)
cfn=(656)
calls=2 26 
* 16
+1 4
+5 2
+1 2
-12 4
+4 6
+1 4
+10 6
+3 12
-4 6

fn=(786)
382 2
+1 1
cfi=(114)
cfn=(788)
calls=1 +69 
* 67
* 2
+4 2
-1 2
+2 3
+2 1
+1 2

fn=(574)
129 3
+2 3
+4 2
+3 1
-3 1
-1 2
+6 1
+3 1
-3 1
cfi=(114)
cfn=(576)
calls=1 960 
* 9
+3 3
fi=(124)
941 3
+2 2
+1 2
fe=(115)
143 2
cfn=(578)
calls=1 1168 
* 7
* 1
+3 3
+8 5
cfi=(114)
cfn=(494)
calls=1 329 
* 184
+1 1
+3 1
-3 2
+1 3
+2 1
cfi=(114)
cfn=(566)
calls=1 54 
* 3
+5 1
-4 1
+1 1
+3 1
-2 1
+3 5

fn=(634)
1198 15
+7 5
-7 20
+6 18
+9 8
-2 16
+17 3
+6 3
+2 3
+2 9
-2 3
cfi=(130)
cfn=(648)
calls=3 115 
* 39
* 3
+1 3
+1 3
-2 3
+4 6
+27 2
+1 45
-55 3
+4 3
-4 3
+1 6
+18 1
+12 1
fi=(124)
941 3
+2 2
+1 2
fe=(115)
1244 2
fi=(124)
941 6
+2 4
+1 4
fe=(115)
1244 9
cfn=(638)
calls=3 732 
* 646
* 6
+6 6
+1 21
+2 6
+11 9
+1 4
cfi=(114)
cfn=(642)
calls=1 371 
* 293
+2 3
-48 96
-2 68
+4 2
+11 6
+26 4

fn=(462)
183 1
+3 1
-3 7
+2 2
+4 1
cfi=(117)
cfn=(464)
calls=1 37 
* 33
* 1
+1 2
+3 2
+3 1
-4 1
+1 4
+3 2
+10 2
cfi=(114)
cfn=(456)
calls=1 87 
* 17
+1 1
+1 4

fn=(546)
466 3
-4 8
+7 2
+6 3
+3 2
+12 2
fi=(124)
885 2
+56 1
+2 1
-2 1
fe=(115)
506 2
cfi=(114)
cfn=(550)
calls=1 164 
* 24
+11 1
-5 1
fi=(124)
943 1
fe=(115)
512 1
fi=(124)
943 1
fe=(115)
512 1
+1 1
+2 1
-1 2
fi=(124)
944 2
fe=(115)
517 4
cfn=(508)
calls=1 1132 
* 12
+2 2
+16 1
-9 1
+9 2
+1 2
+1 2
+1 8

fn=(650) new_do_write
432 2
fi=(124)
943 2
fe=(115)
432 4
fi=(124)
941 2
fe=(115)
432 2
fi=(124)
941 2
fe=(115)
432 2
fi=(124)
941 2
fe=(115)
432 10
+12 2
fi=(124)
943 4
fe=(115)
434 4
fi=(124)
944 4
fe=(115)
449 8
cfn=(654)
calls=2 1174 
* 88
+1 2
-1 2
+1 8
+2 2
+4 2
-4 6
+1 4
+3 4
-2 2
+4 18
-17 8
+14 4

fn=(484)
901 33
+8 8
-60 6
+66 6
+2 1
+1 2
+25 6
+23 1
fi=(124)
-25 3
+2 2
+1 2
fe=(115)
+22 3
cfn=(490)
calls=1 1147 
* 14
* 6
+2 2
-53 4
+3 4
+12 4
+3 3
+5 2
cfi=(114)
cfn=(486)
calls=1 344 
* 305
+1 4
+1 3
+3 2
+26 1
+7 2
cfi=(114)
cfn=(496)
calls=1 187 
* 21
* 2
cfi=(114)
cfn=(496)
calls=1 187 
* 21
+5 2
+1 2
-1 6
+1 2
+3 3
-1 1
+2 5
fi=(124)
-43 1
-2 2
fe=(115)
+57 2
fi=(124)
-55 1
-2 2
fe=(115)
+57 2
+4 4
+1 2
-1 4
+2 2
-2 2
+1 2
+1 4
+5 2
fi=(124)
-66 4
+1 4
fe=(115)
+65 6
cfn=(504)
calls=2 1141 
* 14
* 2
+1 4
+2 4
+4 1
fi=(124)
-73 2
+1 2
fe=(115)
+72 8
cfn=(508)
calls=1 1132 
* 12
+3 2
+11 2
-3 1
+4 1
-1 1
-3 5
+2 3
+3 2
-5 1
+4 1
-1 1
-3 5
+2 3
+3 2
+23 33
847 2
+4 1
-2 2
+2 1
+5 2
1007 2
880 2
+10 3
-10 1
-14 2
+1 4

fn=(454)
112 1
-5 2
+4 1
+3 1
cfi=(114)
cfn=(456)
calls=1 -27 
* 83
+1 1
+1 2

fn=(640)
426 7
+1 1
-3 4
+2 2
cfn=(650)
calls=2 +6 
* 200
* 2
+1 2
-1 6
+1 2

ob=(2)
fl=(17)
fn=(772) 0x000000000482e278
0 3

fn=(318) 0x000000000482e000
0 6

fn=(364) 0x0000000000109000
0 6

fn=(92) 0x0000000004001080
0 3
cob=(1)
cfi=(18) ./elf/dl-minimal.c
cfn=(94) free
calls=3 111 
0 12

fn=(762) 0x000000000482e040
0 1
cob=(3)
cfi=(159)
cfn=(738)
calls=1 30 
0 74

fn=(498)
0 4
cob=(3)
cfi=(105)
cfn=(500)
calls=4 3087 
0 248

fn=(408)
0 3
cob=(3)
cfi=(105)
cfn=(410)
calls=3 3031 
0 75203

fn=(736) 0x0000000000109180
0 1
cob=(3)
cfi=(159)
cfn=(738)
calls=1 30 
0 74

fn=(754) 0x000000000010acf4
0 3

ob=(1)
fl=(45) ./io/../sysdeps/unix/sysv/linux/close_nocancel.c
fn=(144) __GI___close_nocancel
26 12
+1 3

fl=(13) ./string/../sysdeps/x86_64/multiarch/../strlen.S
fn=(28) strlen
79 13
+1 13
+1 13
+1 13
+1 13
+1 13
+1 13
+2 13
+2 13
+31 12
+1 12
+1 12
+1 12
+1 12
+1 6
+2 6
+4 6
+1 6
+1 6
+1 6
+1 6
+1 6
+1 6
+1 6
+1 6
+1 6
+1 6
+1 6
+5 42
+4 1
+1 14
+1 8
+68 3
+1 3
+1 3
+1 3
+1 3
+1 3
+1 3
+1 3
+16 3
+2 3
+1 42
+2 3
+1 3
+1 3
+2 3

fl=(48) ./io/../sysdeps/unix/sysv/linux/wordsize-64/xstat.c
fn=(154) _xstat
33 24
+1 16
+1 32
+4 1
-4 28

fl=(31) ./string/strdup.c
fn=(90) strdup
40 12
+1 3
cfi=(13)
cfn=(28)
calls=3 +38 
* 110
* 3
+1 6
cfi=(18)
cfn=(44) malloc
calls=3 +7 
* 72
* 3
+2 6
+4 3
-1 9
+1 6
-1 3
cfi=(19) ./string/../sysdeps/x86_64/multiarch/memmove-vec-unaligned-erms.S
cfn=(46) memcpy
calls=3 +81 
* 46

fl=(42) ./misc/../sysdeps/unix/sysv/linux/mmap64.c
fn=(136) mmap
51 22
-3 44
+6 22
+5 66
+2 33
-7 8

fl=(21) ./string/../sysdeps/x86_64/strcmp.S
fn=(56) strcmp
144 168
+1 168
+2 168
+1 168
+21 168
+1 168
+1 155
+1 155
+1 129
+1 129
+1 129
+1 129
+21 129
+1 129
+1 129
+1 129
+1 129
+1 129
+1 129
+5 5
+1 5
+9 5
+1 5
+1 5
+1 5
+1 5
+1 5
+1 5
+1 5
-7 39
+1 39
+1 39
+1 39
+1 39
+1 39
+1 39
+1 39
+1 43
+1 24
+1 24
+1 24
+2 24
+1 24
+1 24
+1 24
+1 24
+1 24
-5 19
+1 19
+1 19
+1 19
+1 19
+1 19
+10 1
+1 1
+1 1
+2 1
+6 1
+1 1
+1 1
+1 1
+1 1
+5 1
821 2
+1 2
+1 2
+1 2
+1 2
+2 2
+1 2
+1 2
+1 2
+1 2
+1 2
+1 2
+1 2
+4 2
+1 2
+1 2
+6 2
+1 2
+1 4
+4 2
+1 2
+3 2
+1 2
+1 2
+3 2
+1 2
+1 2
+6 2
+1 2
+1 2
+1 2
+1 2
+1 2
1196 2
+1 2
+1 2
+1 2
+1 2
+2 2
+1 2
+1 2
+1 2
+1 2
+1 2
+1 2
+1 2
+4 2
+1 2
+1 2
+6 2
+1 2
+1 4
+4 2
+1 2
+3 2
+1 2
+1 2
+3 2
+1 2
+1 2
+6 2
+1 2
+1 2
+1 2
+1 2
+1 2
+72 14
+1 14
+1 14
+1 14
+1 14
+2 14
+1 14
+1 14
+1 14
+1 14
+1 14
+1 14
+1 14
+4 14
+1 14
+1 14
+6 14
+1 14
+1 28
+4 14
+1 14
+3 14
+1 14
+1 14
+3 14
+1 14
+1 14
+6 14
+1 14
+1 14
+1 14
+1 14
+1 14
+72 10
+1 10
+1 10
+1 10
+1 10
+2 10
+1 10
+1 10
+1 10
+1 10
+1 10
+1 10
1571 4
+1 4
+1 4
+1 4
+1 4
+2 4
+1 4
+1 4
+1 4
+1 4
+1 4
+1 4
+1 3
+4 3
+1 3
+1 3
+6 3
+1 3
+1 6
+4 3
+1 3
+3 3
+1 3
+1 3
+3 3
+1 3
+1 3
+6 3
+1 3
+1 3
+1 3
+1 3
+1 3
+72 2
+1 2
+1 2
+1 2
+1 2
+2 2
+1 2
+1 2
+1 2
+1 2
+1 2
+1 2
+1 2
+4 2
+1 2
+1 2
+6 2
+1 2
+1 4
+4 2
+1 2
+3 2
+1 2
+1 2
+3 2
+1 2
+1 2
+6 2
+1 2
+1 2
+1 2
+1 2
+1 2
+72 2
+1 2
+1 2
+1 2
+1 2
+2 2
+1 2
+1 2
+1 2
+1 2
+1 2
+1 2
+1 2
+4 2
+1 2
+1 2
+6 2
+1 2
+1 4
+4 2
+1 2
+3 2
+1 2
+1 2
+3 2
+1 2
+1 2
+6 2
+1 2
+1 2
+1 2
+1 2
+1 2
+72 4
+1 4
+1 4
+1 4
+1 4
+2 4
+1 4
+1 4
+1 4
+1 4
+1 4
+1 4
2071 3
+1 3
+1 3
+1 3
+1 3
+2 3
+1 3
+1 3
+1 3
+1 3
+1 3
+1 3
+2 1
+4 1
+1 1
+1 1
+6 1
+1 1
+2 2
+4 1
+1 1
+3 1
+1 1
+1 1
+3 1
+1 1
+1 1
+6 1
+1 1
+1 1
+1 1
+1 1
+1 1
+74 26
+2 26
+1 26
+1 26
+1 26
-3 18
+1 18
+1 18
+1 18
+1 48
+5 24
+6 24
+1 24
+8 24
+1 24
-16 144
+6 144
+1 144
+8 144
+1 144

fl=(33) ./elf/../elf/dl-tls.c
fn=(302) _dl_add_to_slotinfo
944 7
+6 1
+3 1
+1 1
+4 3
+41 2
+3 4
-1 1
+1 1
+2 6

fn=(184) _dl_tls_static_surplus_init
69 1
+4 1
-4 1
+4 1
-4 3
+4 3
cfi=(8)
cfn=(26)
calls=1 371 
* 19
* 1
+1 4
cfi=(8)
cfn=(26)
calls=1 371 
* 19
* 3
+6 1
+2 4
+5 1
-2 1
+4 3
+1 2
+1 5

fn=(188) _dl_allocate_tls_storage
389 1
+13 1
-13 2
+2 1
+12 2
cfi=(18)
cfn=(44)
calls=1 49 
* 24
* 1
+1 3
+8 2
-69 1
+69 2
+1 1
+4 297
+19 1
-94 2
+1 2
cfi=(18)
cfn=(40) calloc
calls=1 92 
* 33
* 1
+1 2
+3 1
+6 2
+89 5

fn=(98) _dl_count_modids
169 2
+1 1
+15 2

fn=(304) _dl_allocate_tls_init
494 8
+1 2
+4 1
+6 1
-6 1
+6 2
-4 1
+16 1
-15 2
+20 8
+9 3
+1 2
+6 3
+3 1
-2 1
+6 1
-6 1
+2 1
+4 1
-4 3
+1 1
+2 2
+4 2
+1 4
+2 2
+1 2
+12 1
-3 1
+3 2
cfi=(19)
cfn=(76) mempcpy
calls=1 115 
* 12
* 5
cfi=(29) ./string/../sysdeps/x86_64/multiarch/memset-vec-unaligned-erms.S
cfn=(78) memset
calls=1 109 
* 33
-36 1
-6 4
+6 4
+50 2
+3 9

fn=(166) _dl_next_tls_modid
107 1
+13 1
-13 1
+36 1
+12 1
+4 1

fn=(186) _dl_determine_tlsoffset
191 7
+6 3
+3 2
+36 3
+2 1
-2 1
-2 1
-40 1
-1 1
-1 1
+46 2
+23 3
+3 1
-3 4
+2 2
+10 1
-12 1
-25 6
+2 2
+3 1
-1 1
+5 2
-5 1
+1 1
-1 1
+3 2
+2 3
+32 2
-1 1
+53 1
-52 4
+2 2
+51 8

fl=(18)
fn=(40)
92 8
+4 8
+4 8
-1 16
+1 16
+3 8
cfn=(44)
calls=8 -54 
* 237
* 8

fn=(82) strsep
265 6
+2 4
+1 4
+4 48
+7 112
-2 56
+13 1
+4 4
-22 14
+15 14
-15 30

fn=(44)
49 88
+1 22
+11 22
-11 44
+11 44
+3 22
-3 22
+3 128
+18 22
+1 22
+2 88
-16 4
+1 2
+2 1
+1 7
cfi=(42)
cfn=(136)
calls=1 -22 
* 19
* 1
+2 2
+2 2
+2 1
+4 1
-4 2
-23 1
-1 1
+1 1
+1 2
-2 2

fn=(94)
111 12

fl=(27) ./elf/dl-hwcaps.c
fn=(72) _dl_important_hwcaps
42 5
+1 1
-1 5
+1 1
-1 1
+1 1
-1 1
+1 2
-1 1
+1 1
cfi=(8)
cfn=(26)
calls=1 371 
* 19
* 1
+2 1
+1 2
-1 1
+1 1
+9 1
-12 1
+12 5
+1 1
+1 1
-1 2
+1 1
-1 1
+73 1
-72 1
+72 1
-74 12
+10 3
185 1
+5 1
-5 1
+5 5
-2 2
-2 1
+2 1
-2 1
+2 2
-2 1
+2 1
-2 1
fi=(28) ./elf/../sysdeps/x86/dl-hwcap.h
57 6
fe=(27)
188 1
+1 1
cfi=(13)
cfn=(28)
calls=1 79 
* 16
+1 1
+5 1
-5 2
-1 1
-4 1
+5 1
+5 1
+2 1
-7 1
-5 2
-37 2
+1 1
-1 6
+37 2
+8 3
+3 1
-1 1
+1 1
+4 1
+2 1
-2 3
+1 1
-1 1
+4 2
+4 2
-1 2
+4 7
+1 2
+18 11
+1 2
-1 1
+1 3
cfi=(18)
cfn=(44)
calls=1 49 
* 24
* 1
+1 4
-1 1
+1 3
+31 4
+10 3
+21 1
-21 1
+21 2
-21 1
+21 1
-28 2
+13 1
+3 1
-9 1
+10 1
-1 2
-3 1
-32 1
+36 5
-4 2
-3 1
+3 1
cfi=(19)
cfn=(76)
calls=1 115 
* 16
* 2
-3 1
+3 1
cfi=(19)
cfn=(76)
calls=1 115 
* 16
* 2
+3 2
-3 6
+3 5
+1 12
+1 2
-2 1
+2 1
cfi=(19)
cfn=(76)
calls=1 115 
* 14
* 2
-2 2
+5 6
cfi=(19)
cfn=(76)
calls=2 115 
* 28
* 4
+2 5
-7 4
+13 1
-1 1
+1 2
-1 2
+1 7
-1 7
+1 14
-1 16
+5 7
+3 2
-3 8
+3 10
+1 3
-1 3
+1 15
-1 9
+1 18
+1 24
-1 12
-1 12
+2 24
-1 24
-1 24
+4 9
+3 1
+1 1
+1 2
-2 1
+1 1
-1 1
+2 3
-1 1
+1 2
+3 2
+3 2
-6 2
+2 6
+3 1
+1 2
-6 2
+6 3
+7 8
+1 1
-1 2
+3 2
-3 3
+1 3
-1 6
+3 6
+3 4
+3 9
185 5
+29 1
+1 3
+1 1
-1 1
+1 1
-1 2
+2 2
+4 1
+3 3

fl=(1) ???
fn=(0) 0x0000000000001090
0 2
cfi=(2)
cfn=(2) _dl_start
calls=1 499 
0 119553
0 14
cfi=(84) ./elf/dl-init.c
cfn=(314) _dl_init
calls=1 79 
0 2071
0 3
cob=(5)
cfi=(93)
cfn=(350) _start
calls=1 0 
0 2425572044

fl=(30) ./string/../sysdeps/x86_64/multiarch/../strchr.S
fn=(88) index
24 6
+1 6
+1 6
+1 6
+1 6
+1 6
+1 6
+1 6
+1 6
+1 6
+1 6
+1 6
+1 6
+1 6
+1 6
+1 6
+1 6
+1 4
+4 4
+1 4
+1 4
+1 4
+2 4
+4 2
+1 2
+1 2
+1 2
+1 2
+1 2
+1 2
+1 2
+1 2
+1 2
+1 2
+1 2
+1 2
+1 2
+1 2
+1 2
+1 2
+1 2
+1 2
+1 2
+1 2
+1 2
+1 2
+1 3
+5 1
+1 1
+3 1
+1 1
+1 1
+1 1
+1 1
+1 1
+1 1
+1 1
+1 1
+1 1
+1 1
+1 1
+1 1
+1 1
+1 1
+1 1
+1 1
+1 1
+2 1
+1 1
+2 1
+1 1
+1 1
+1 1
+1 1
+1 1
+1 1
+1 1
+2 1
+1 1
+1 1
+1 1
+1 1
+1 1
+1 1
+1 1
+1 1
+1 1
+3 1
+4 1
+1 1
+1 1
+1 1
+2 1
-9 1
+4 1
+1 1
+1 1
+1 1
+2 1

fl=(34) ./string/../sysdeps/x86_64/strcspn.S
fn=(104) strcspn
30 1
+7 1
+1 1
+2 1
+1 1
+1 1
+1 1
+1 33
+3 2
+7 1
+1 1
+1 1
+1 1
+2 1
+1 1
+1 1
+1 1
+2 1
+1 1
+1 1
+9 3
+12 1
+2 1
+1 1
+1 1
-4 16
+2 16
+1 16
+1 16
+2 16
+1 16
+1 16
+2 16
+1 16
+1 16
+2 16
+1 16
+1 16
+6 1
+7 1
+4 1

fl=(12) ./elf/../sysdeps/x86/cpu-features.c
fn=(24) get_common_indices.constprop.0
71 2
+4 4
+3 3
+4 2
-4 1
+4 1
-4 1
+3 1
+1 1
+1 4
+1 4
+1 3
+1 2
+7 2
+1 3
+6 1
-6 4
+6 1
+1 7
+7 3
+4 2
+2 4
225 2
+4 3
+1 2
+3 1
-1 1
+4 1
+2 1
-2 1
+5 2
+50 3
118 2
+3 4
+3 2
+11 2
+4 3
+4 2
+4 2
+7 3

fl=(49) ./elf/dl-cache.c
fn=(308) _dl_unload_cache
331 4
-1 1
+3 2
cfi=(51) ./misc/../sysdeps/unix/syscall-template.S
cfn=(310) munmap
calls=1 117 
* 5
+1 1
+2 2

fn=(162) _dl_cache_libcmp
142 33
+4 53
-2 53
+2 53
-2 106
+20 104
+2 104
-24 42
+28 42
+1 42
-29 84
+4 2
+8 1
-2 2
+1 2
+1 2
-2 1
+2 1
+2 3
-3 1
+3 1
+2 2
cfn=(163) _dl_cache_libcmp'2
calls=1 -16 
* 6
+9 20

fn=(163)
142 3
+32 3

fn=(156) _dl_load_cache_lookup
187 9
+8 2
+3 3
+54 1
+9 1
-9 2
+11 1
-2 1
fi=(50) ./elf/../sysdeps/x86/dl-procinfo.h
39 2
+3 3
cfi=(21)
cfn=(56)
calls=1 144 
* 42
* 7
cfi=(21)
cfn=(56)
calls=1 144 
* 49
* 5
fe=(49)
267 4
cfi=(8)
cfn=(26)
calls=1 371 
* 19
* 2
+8 2
+15 141
cfn=(162)
calls=10 142 
* 690
* 44
+31 2
-31 10
cfn=(162)
calls=1 142 
* 70
* 6
-15 2
+1 3
+14 1
-15 2
+15 32
+16 2
+4 2
+8 3
cfi=(13)
cfn=(28)
calls=1 79 
* 34
+1 1
-1 6
+1 1
cfi=(19)
cfn=(46)
calls=1 128 
* 10
* 1
+1 1
cfi=(31)
cfn=(90)
calls=1 40 
* 86
+1 8
201 4
cfi=(37) ./elf/dl-misc.c
cfn=(158) _dl_sysdep_read_whole_file
calls=1 44 
* 94
* 1
+8 5
+1 8
+3 1
+1 2

fl=(37)
fn=(158)
44 1
+3 1
-3 6
+3 1
-3 1
+3 1
cfi=(38) ./io/../sysdeps/unix/sysv/linux/open64_nocancel.c
cfn=(126) __open_nocancel
calls=1 -10 
* 18
+1 2
+23 7
-21 5
cfi=(41) ./io/../sysdeps/unix/sysv/linux/wordsize-64/fxstat.c
cfn=(134) _fxstat
calls=1 -17 
* 10
* 2
+2 2
+3 2
+13 2
cfi=(45)
cfn=(144)
calls=1 -42 
* 5
* 1
-11 6
cfi=(42)
cfn=(136)
calls=1 -6 
* 19
* 2

fn=(122) _dl_name_match_p
282 70
+1 28
cfi=(21)
cfn=(56)
calls=14 144 
* 476
* 14
+1 14
-1 28
+3 14
+2 28
+4 15
-4 30
+1 54
cfi=(21)
cfn=(56)
calls=18 144 
* 668
* 36
-5 3
+11 23
-1 11
+1 33

fl=(39) ./io/../sysdeps/unix/sysv/linux/read_nocancel.c
fn=(128) __read_nocancel
26 8
+1 2

fl=(54) ./elf/dl-sort-maps.c
fn=(172) _dl_sort_maps
28 24
+2 4
+4 4
+1 2
-2 2
+1 16
+1 4
cfi=(29)
cfn=(78)
calls=2 +74 
* 30
* 18
+4 4
+3 2
-3 4
+1 6
+2 2
-3 8
+3 4
-3 8
+1 12
+2 4
+12 24
+2 12
+1 8
-1 6
+1 4
+33 12
-36 24
+61 18
-31 8
-25 18
+1 12
+58 28
cfi=(29)
cfn=(78)
calls=4 -9 
* 64
* 16
-28 9
-44 12
+69 2
+7 16

fl=(100)
fn=(388) _dl_runtime_resolve_xsave
72 13
+3 13
+2 13
+10 13
+6 13
+1 13
+1 13
+1 13
+1 13
+1 13
+1 13
+4 13
+1 13
+3 13
+1 13
+2 13
+1 13
+1 13
+1 13
+1 13
+1 13
+2 13
+7 13
+1 13
+1 13
cfi=(101) ./elf/../elf/dl-runtime.c
cfn=(390) _dl_fixup
calls=13 -60 
* 7531
+1 13
+5 13
+1 13
+1 13
+2 13
+1 13
+1 13
+1 13
+1 13
+1 13
+1 13
+2 13
+2 13
+4 13
+3 13

fn=(389)
72 2
+3 2
+2 2
+10 2
+6 2
+1 2
+1 2
+1 2
+1 2
+1 2
+1 2
+4 2
+1 2
+3 2
+1 2
+2 2
+1 2
+1 2
+1 2
+1 2
+1 2
+2 2
+7 2
+1 2
+1 2
cfi=(101)
cfn=(390)
calls=2 -60 
* 1579
+1 2
+5 2
+1 2
+1 2
+2 2
+1 2
+1 2
+1 2
+1 2
+1 2
+1 2
+2 2
+2 2
+4 2
+3 2

fl=(35) ./elf/dl-error-skeleton.c
fn=(114) _dl_catch_exception
175 6
+5 3
-5 9
+5 3
-2 6
+21 3
+7 6
-7 3
+1 6
+3 6
+3 3
cfi=(36) ./setjmp/../sysdeps/x86_64/setjmp.S
cfn=(116) __sigsetjmp
calls=3 32 
* 57
* 9
+2 9
cfi=(47) ./elf/dl-deps.c
cfn=(150) openaux
calls=2 61 
* 5930
cfi=(2)
cfn=(118) map_doit
calls=1 642 
* 2462
+2 3
-1 3
+1 3
-1 3
+1 6
+9 12

fn=(174) _dl_receive_error
238 5
+1 1
+1 1
+3 1
+1 1
+2 1
cfi=(2)
cfn=(176) version_check_doit
calls=1 675 
* 3007
+2 1
+1 1
+1 4

fn=(110) _dl_catch_error
225 9
+2 2
cfn=(114)
calls=1 -52 
* 2515
* 1
+1 2
+1 1
+1 1
-1 1
+1 1
+2 5

fl=(2)
fn=(176)
675 2
+2 4
cfi=(55) ./elf/dl-version.c
cfn=(178) _dl_check_all_versions
calls=1 362 
* 2997
* 2
+4 2

fn=(182) init_tls
735 3
+2 1
+4 1
-4 1
+4 2
+11 1
-1 3
cfi=(18)
cfn=(40)
calls=1 92 
* 33
* 1
-4 1
+15 1
-12 1
+6 1
-9 1
+11 1
+4 1
+2 3
-1 3
+3 1
+4 1
-4 4
+4 3
-4 3
+4 1
+2 1
-2 1
+4 2
-9 1
-1 2
+1 3
-1 6
+10 2
+3 2
cfi=(33)
cfn=(184)
calls=1 69 
* 73
+3 1
cfi=(33)
cfn=(186)
calls=1 191 
* 73
+7 1
cfi=(33)
cfn=(188)
calls=1 389 
* 387
* 1
+1 2
+6 1
+3 2
-3 1
+3 6
+3 1
+3 5

fn=(118)
642 1
+2 1
-2 1
+2 1
+1 2
-1 2
+1 3
cfi=(26) ./elf/dl-load.c
cfn=(120) _dl_map_object
calls=1 1927 
* 2448
* 1
+2 2

fn=(52)
841 5
+1 5

fn=(102) handle_preload_list
897 7
+5 5
-4 1
+10 2
+7 1
201 1
917 2
201 2
919 2
+1 4
cfn=(106) do_preload
calls=1 807 
* 2567
* 1
-18 2
+3 3
cfi=(34)
cfn=(104)
calls=1 30 
* 271
* 1
+1 3
+2 4
cfi=(19)
cfn=(46)
calls=1 128 
* 26
+1 2
+14 9

fn=(32) dl_main
1127 1
+15 1
-15 4
2706 1
1127 6
+15 1
+4 2
+1 2
+5 2
2554 1
1127 1
2554 1
+7 1
1127 1
2561 2
1127 1
215 1
2561 1
216 1
2561 1
217 1
2561 1
-4 1
-1 2
+7 2
cfi=(15) ./elf/dl-environ.c
cfn=(34) _dl_next_ld_env_entry
calls=1 29 
* 38
* 4
cfi=(15)
cfn=(34)
calls=2 29 
* 278
* 9
+4 6
-2 2
+2 6
+1 2
-1 6
+1 17
-1 89
+9 12
2725 3
+32 3
1162 4
2652 3
+1 3
-56 2
+7 2
1370 7
cfi=(16) ./elf/dl-object.c
cfn=(36) _dl_new_object
calls=1 59 
* 291
* 1
+2 2
+1 1
+1 1
+5 2
-5 1
+1 3
+4 1
cfi=(16)
cfn=(50) _dl_add_to_namespace_list
calls=1 31 
* 32
+1 2
1136 1
1409 1
-3 1
-5 1
+8 1
-7 1
+2 1
+5 4
+56 1
1133 1
1465 2
-37 1
+22 1
+15 2
-55 99
+95 2
+1 2
+1 1
-98 21
1518 1
+3 1
+2 1
-5 2
+3 2
+2 2
+2 2
+13 3
+3 1
-2 1
+2 1
-2 2
+2 1
-2 2
cfi=(21)
cfn=(56)
calls=1 144 
* 24
* 2
+10 1
-3 1
-2 1
+3 1
+2 2
+1 2
+4 2
+2 2
fi=(3) ./elf/get-dynamic-info.h
33 1
+9 2
+6 1
-2 1
+2 2
+15 1
+5 1
+3 1
-2 1
-2 1
-3 2
-1 24
+1 15
-16 5
+26 5
-26 11
+26 1
-26 2
+2 50
+17 19
-19 19
+26 19
-26 38
+33 3
+20 3
+1 4
+1 4
+1 4
+2 4
+5 4
+1 4
+1 4
+5 3
+5 2
+7 2
+1 3
+18 3
+14 3
+2 3
+1 2
+9 2
+5 2
+3 2
fe=(2)
1561 2
cfi=(6) ./elf/dl-lookup.c
cfn=(10) _dl_setup_hash
calls=1 964 
* 23
+3 2
fi=(22) ./elf/./setup-vdso.h
24 2
fi=(24) ./elf/../sysdeps/unix/sysv/linux/dl-vdso-setup.h
+21 1
fe=(2)
1589 2
cfi=(10) ./elf/../sysdeps/unix/sysv/linux/dl-sysdep.c
cfn=(66) _dl_discover_osversion
calls=1 46 
* 79
* 8
1414 1
-5 1
+5 2
-5 2
+29 1
-9 1
+27 1
-27 1
+2 1
-3 1
+10 2
-19 1
-10 1
+10 2
-10 2
+56 4
-1 4
+1 8
-1 4
+2 8
+1 1
+3 2
+1 2
-1 6
+1 6
+1 4
+1 10
-64 1
+65 1
-65 2
+92 1
-92 1
+92 1
-92 2
fi=(3)
65 5
+3 4
+3 4
+1 2
+1 2
fi=(23) ./elf/../sysdeps/unix/sysv/linux/dl-vdso.h
-33 1
+1 2
fe=(2)
1594 2
cfi=(26)
cfn=(70) _dl_init_paths
calls=1 681 
* 1841
+3 3
cfi=(32) ./elf/dl-debug.c
cfn=(96) _dl_debug_initialize
calls=1 49 
* 17
+7 1
-7 1
+2 1
+5 1
+4 1
+3 1
-3 3
+1 2
+3 1
+5 1
-7 1
+7 1
+18 2
+1 2
+5 1
-3 2
+2 1
+1 2
+5 3
+1 5
-1 2
+9 2
+6 2
1137 1
1660 1
+25 1
cfi=(33)
cfn=(98)
calls=1 169 
* 5
* 1
+8 3
+3 2
+4 3
+5 2
+1 1
cfi=(32)
cfn=(100) _dl_debug_state
calls=1 74 
* 1
+5 3
+16 3
+2 1
+2 2
+8 2
+15 3
cfi=(46) ./io/../sysdeps/unix/sysv/linux/access.c
cfn=(146) access
calls=1 27 
* 8
* 2
+76 4
67 1
1850 1
67 2
1850 1
67 1
1850 6
cfi=(47)
cfn=(148) _dl_map_object_deps
calls=1 159 
* 7447
74 1
1855 1
74 2
+9 2
1855 2
+1 6
-1 4
+1 6
-1 12
+4 3
+1 3
+1 1
+2 2
+1 5
-1 9
+1 6
+12 1
+1 1
-1 2
+1 2
+2 1
+2 3
+2 1
-4 1
+5 1
-1 2
+14 2
+1 2
+1 3
+11 1
+1 1
-1 1
+2 4
-2 3
+2 1
cfi=(35)
cfn=(174)
calls=1 238 
* 3023
+10 1
+1 1
-1 1
+1 1
+3 2
856 1
fi=(182) ./elf/../sysdeps/unix/sysv/linux/dl-osinfo.h
64 2
fe=(2)
858 1
fi=(182)
77 1
fe=(2)
867 1
+7 1
-5 1
1931 3
2161 3
2604 4
+2 2
+1 1
1618 6
-11 4
fi=(24)
30 5
+3 1
+3 1
+3 1
fi=(23)
+16 2
fe=(2)
1649 2
+1 2
+1 1
2230 1
-13 1
+4 1
+6 1
-10 1
+10 1
-6 1
+9 2
+54 3
+3 1
67 2
2291 1
67 2
2292 20
+2 8
+5 8
+2 8
+6 4
+2 8
+1 24
cfi=(56) ./elf/dl-reloc.c
cfn=(190) _dl_relocate_object
calls=3 167 
* 70218
+4 10
+1 3
cfi=(33)
cfn=(302)
calls=1 944 
* 27
* 1
-12 1
+1 1
-3 3
74 3
+1 1
2323 1
75 1
2323 1
+2 1
+3 4
+2 1
+7 3
cfi=(33)
cfn=(304)
calls=1 494 
* 131
+3 2
+9 3
+2 4
67 1
2364 1
+1 3
67 3
2365 2
cfi=(56)
cfn=(190)
calls=1 167 
* 6294
74 3
+9 2
2375 1
cfi=(7) ./elf/../elf/dl-sysdep.c
cfn=(306) _dl_sysdep_start_cleanup
calls=1 259 
* 1
+4 3
+21 3
cfi=(32)
cfn=(96)
calls=1 49 
* 8
+1 1
+1 1
cfi=(32)
cfn=(100)
calls=1 74 
* 1
+5 1
cfi=(49)
cfn=(308)
calls=1 331 
* 15
+5 8
1874 2
2653 2
+2 2
+1 1
1924 2
cfn=(182)
calls=1 735 
* 646
* 2
67 1
1735 1
67 2
1735 1
67 1
1735 2
cfn=(102)
calls=1 897 
* 2916
* 1
74 3
+9 3
1834 5
+1 1
-1 2
+4 3
+1 1
+1 2
+1 2
-7 2

fn=(106)
807 1
+12 1
-12 5
+10 1
-4 1
+6 2
-5 1
+5 2
-10 1
+6 1
+4 1
cfi=(35)
cfn=(110)
calls=1 225 
* 2538
* 1
+1 3
+8 3
+6 5

fn=(54)
847 5
+1 5

fn=(2)
499 9
67 3
fi=(5) ./elf/../sysdeps/x86_64/dl-machine.h
-8 1
fe=(2)
+8 1
fi=(3)
-19 1
fi=(5)
+11 2
fe=(2)
543 1
-3 1
fi=(3)
48 2
+15 1
+5 1
+3 1
+1 1
+1 1
-4 1
-2 1
-3 2
-1 20
+1 12
-16 4
+26 4
-26 9
+26 1
-26 2
+2 36
+17 13
-19 13
+26 13
-26 26
+33 2
+20 4
+1 4
+1 4
+1 4
+2 4
+5 4
+1 4
+1 4
+5 3
+5 2
+7 3
+1 3
+8 3
+3 3
+4 2
+1 2
fe=(2)
554 2
+7 1
67 1
466 1
67 3
466 1
cfi=(6)
cfn=(10)
calls=1 964 
* 23
+1 1
+18 2
-18 1
+1 2
+1 2
+1 2
+9 1
+6 1
cfi=(7)
cfn=(12) _dl_sysdep_start
calls=1 89 
* 118452
* 1
+2 2
+99 9
fi=(3)
65 5
+3 4
fe=(2)
559 7
fi=(4) ./elf/do-rel.h
46 1
fe=(2)
559 3
fi=(4)
86 3
fe=(2)
559 4
fi=(4)
47 1
fe=(2)
559 3
fi=(4)
47 3
+37 1
-1 1
+28 3
+1 2
fi=(5)
541 2
fi=(4)
112 86
fi=(5)
541 86
+1 44
fi=(4)
111 44
fi=(5)
542 88
fi=(4)
111 88
+5 2
fi=(5)
421 1
fi=(4)
124 2
fi=(5)
333 18
fi=(4)
124 27
+12 9
+3 9
-3 9
fi=(5)
301 9
fi=(4)
139 9
-3 9
+1 18
fi=(5)
301 18
+8 90
+3 18
+21 45
fi=(3)
71 4
+1 2
+1 2
fi=(5)
353 18
+1 9
fe=(2)

fl=(16)
fn=(50)
31 3
+2 3
-2 6
+2 3
-2 6
+2 3
cfi=(2)
cfn=(52)
calls=3 841 
* 6
+2 20
+3 20
+2 2
+2 2
+4 2
+4 2
+1 2
-5 4
+1 4
+1 2
+3 2
-3 2
+3 2
-1 2
cfi=(2)
cfn=(54)
calls=2 847 
* 4
-4 1
+4 1
+1 1
-5 2
+1 2
+1 1
+3 1
-3 1
+3 1
-1 1
cfi=(2)
cfn=(54)
calls=1 847 
* 2
-5 2

fn=(36)
59 30
+3 3
-3 6
+3 6
+15 2
+3 6
cfi=(13)
cfn=(28)
calls=2 -1 
* 76
+4 2
-4 4
+4 2
+5 10
cfi=(18)
cfn=(40)
calls=2 +3 
* 104
* 2
* 4
cfi=(18)
cfn=(40)
calls=1 +3 
* 40
* 1
* 3
+3 6
+4 3
+5 3
-6 3
+6 3
-5 3
+5 3
-5 3
+5 3
-1 3
+1 3
-1 3
+1 3
cfi=(19)
cfn=(46)
calls=3 +27 
* 49
* 3
+15 6
-15 3
+15 3
-13 3
+13 10
+6 1
+2 7
+3 2
-3 14
+3 4
+2 3
+4 3
+3 14
fi=(20) ./elf/../sysdeps/generic/ldsodefs.h
1222 3
fe=(16)
136 2
+2 1
-2 2
fi=(20)
1222 45
fe=(16)
136 30
+2 15
-2 30
+50 2
-34 2
-5 1
+5 1
-6 1
+6 1
-6 1
+6 6
-5 2
+5 2
-6 2
+6 2
-6 2
+6 4
+2 4
+3 4
-3 4
+7 8
+4 4
+8 2
+3 1
+10 2
-10 1
+10 1
-10 2
+10 4
-10 2
+10 2
+2 2
+21 2
-21 2
cfi=(13)
cfn=(28)
calls=2 79 
* 94
+4 2
-4 6
+17 2
-13 6
+50 6
cfi=(19)
cfn=(76)
calls=2 115 
* 40
* 2
+5 4
+1 4
-1 80
+1 80
+2 4
+3 2
+3 2
+4 27
128 6
+37 6
-15 1
+7 4
+8 4
+31 4
cfi=(18)
cfn=(44)
calls=2 49 
* 48
* 2
* 2
+1 8
64 2
+1 6
+9 1
-5 2

fl=(7)
fn=(12)
89 8
+25 1
-1 1
+1 154
+6 1
-3 1
+1 1
-4 1
+3 1
+3 8
-29 1
-1 2
+30 20
+1 108
+61 1
+1 1
-1 1
+1 1
-63 75
+34 1
-34 2
+35 1
-35 2
+46 1
-46 1
+47 1
-1 1
-46 3
+40 1
-40 1
+41 1
-1 1
-40 3
+37 1
-37 2
+38 1
-38 3
+13 1
-13 2
+14 1
-14 2
+10 1
-10 2
+11 1
-11 2
+7 1
-7 4
+4 1
-4 4
223 1
cfi=(8)
cfn=(14) __GI___tunables_init
calls=1 +64 
* 22995
fi=(10)
36 2
cfi=(11) ./elf/../sysdeps/unix/sysv/linux/x86_64/brk.c
cfn=(20) brk
calls=1 -5 
* 9
fi=(12)
322 1
-13 1
+13 1
-12 1
+1 1
+11 1
+3 6
476 3
+1 1
+3 2
+1 1
+6 1
+6 1
-5 1
+5 1
-3 1
+3 1
-4 1
+4 1
cfi=(8)
cfn=(26)
calls=1 371 
* 17
+2 4
cfi=(8)
cfn=(26)
calls=1 371 
* 19
* 1
+2 3
-2 1
+2 1
cfi=(8)
cfn=(26)
calls=1 371 
* 19
* 1
+2 3
-2 1
+2 1
cfi=(8)
cfn=(26)
calls=1 371 
* 19
* 1
+12 1
-1 1
-11 1
+12 1
fe=(7)
234 3
+1 1
cfi=(13)
cfn=(28)
calls=1 79 
* 32
* 1
+2 2
cfi=(14) ./elf/../misc/sbrk.c
cfn=(30) sbrk
calls=1 32 
* 17
* 3
+12 3
+3 5
cfi=(2)
cfn=(32)
calls=1 1127 
* 94645
+1 1
+1 8
fi=(12)
515 3
+19 3
331 6
cfn=(24)
calls=1 71 
* 93
49 4
+1 2
+1 6
+5 2
+1 6
+5 2
+1 6
336 1
+2 1
+7 1
+59 1
+10 1
-78 2
+89 4
-96 1
+96 2
-99 1
+12 10
+38 2
+14 1
+10 5
fe=(7)

fn=(306)
259 1

fl=(46)
fn=(146)
27 7
+4 1

fl=(158)
fn=(728)
30 8
+20 3
-3 6
+3 4
+3 2
cfi=(2)
cfn=(52)
calls=1 841 
* 2
+2 1
+3 2
+2 6
+8 1
-3 1
+8 1
-5 5
+5 1
+2 8
+2 8
+2 8
+1 4
+1 4
+4 4
-12 12
+14 6
+1 4
+6 3
cfi=(54)
cfn=(172)
calls=1 -66 
* 236
+10 2
cfi=(2)
cfn=(54)
calls=1 847 
* 2
+5 6
+2 1
+2 3
-2 3
+2 9
+3 8
+3 12
+4 4
+11 2
+1 2
-1 2
+2 2
-2 2
+2 2
-2 2
+3 10
+1 2
cob=(4) /usr/lib/x86_64-linux-gnu/valgrind/vgpreload_core-amd64-linux.so
cfi=(85) ???
cfn=(756) 0x00000000000010c0
calls=1 0 
* 92
cob=(5)
cfi=(93)
cfn=(730) 0x00000000000016b0
calls=1 0 
* 92
-1 8
+5 6
+1 6
cob=(2)
cfi=(17)
cfn=(772)
calls=1 0 
* 3
cob=(2)
cfi=(17)
cfn=(754)
calls=1 0 
* 3
+6 24
+19 4
-59 14
+11 6
-26 7
+80 6
+6 2
+7 8

fl=(32)
fn=(100)
74 2

fn=(96)
49 8
+5 6
+5 2
-1 1
+1 2
+1 2
-1 1
+5 1
-14 4
+4 8
+3 1
+1 5

fl=(14)
fn=(30)
32 4
+8 6
+4 2
+16 5

fl=(10)
fn=(66)
46 4
+2 3
+40 2
cfi=(25) ./posix/../sysdeps/unix/syscall-template.S
cfn=(68) uname
calls=1 +32 
* 5
+15 1
-15 2
+20 1
-1 1
+3 12
+4 3
-2 6
+2 9
+7 3
-1 3
+4 3
-2 3
+2 10
+8 1
+1 5
-4 2

fl=(47)
fn=(150)
61 4
+7 2
-4 4
+1 2
-1 16
cfi=(26)
cfn=(120)
calls=2 1927 
* 5896
* 2
+5 4

fn=(148)
159 2
+1 2
-1 2
+1 1
-1 1
+1 1
-1 1
+1 1
-1 4
+1 1
-8 1
+7 1
+1 1
-1 1
+1 1
-8 2
-6 1
+6 1
-7 1
+15 1
-16 1
+2 1
+6 1
+24 4
-28 3
-2 1
+31 1
-33 2
+2 2
+30 2
-30 1
-1 1
+1 1
+6 4
+24 2
-32 1
+60 1
-60 2
+36 1
+20 1
fi=(53) ./elf/../include/scratch_buffer.h
78 1
fe=(47)
180 1
fi=(53)
77 3
fe=(47)
198 1
+89 1
-89 1
+2 1
+9 1
+4 1
-4 1
+4 2
-4 3
+4 3
-4 3
+4 6
+11 14
-18 2
+18 2
433 8
+2 4
+3 2
-3 2
+3 4
cfi=(18)
cfn=(44)
calls=2 49 
* 48
* 2
* 2
+1 4
+6 2
+1 10
cfi=(19)
cfn=(46)
calls=2 128 
* 20
+1 12
cfi=(19)
cfn=(46)
calls=2 128 
* 20
+4 2
-1 2
+5 16
204 9
+22 2
+11 2
-5 2
-6 4
+5 2
+2 4
+1 4
+3 8
+66 2
-97 2
+97 2
-66 2
+66 6
-55 6
-2 2
+2 2
cfi=(35)
cfn=(114)
calls=2 -73 
* 6036
* 2
+1 4
+9 2
+2 4
+5 2
+6 2
+2 2
-8 4
+3 2
+1 2
+1 2
+1 2
+4 10
+4 4
+1 4
-43 200
+1 100
+6 8
cfi=(26)
cfn=(86) _dl_dst_count
calls=2 -13 
* 104
* 10
+38 144
fi=(53)
85 3
fe=(47)
464 6
+4 5
+11 4
cfi=(18)
cfn=(44)
calls=1 49 
* 24
* 1
* 1
+2 2
+5 2
+3 2
-3 4
+1 1
+2 1
+2 12
+4 12
+4 4
-10 12
+13 2
+51 3
+2 4
+35 6
cfi=(19)
cfn=(46)
calls=1 128 
* 10
+4 5
cfi=(54)
cfn=(172)
calls=1 28 
* 215
+3 1
+2 1
+1 1
-1 1
+2 2
+7 3
+3 2
+3 8
458 9
-1 4
+1 8
199 3
465 2
214 25
+3 2
fi=(53)
-86 6
cfi=(52) ./malloc/scratch_buffer_set_array_size.c
cfn=(168) __libc_scratch_buffer_set_array_size
calls=2 -97 
* 34
fe=(47)
+86 4
+4 4
554 2
380 6

fl=(15)
fn=(34)
29 3
+3 56
+13 46
-13 92
+2 96
+1 14
+5 2
-3 2
+3 2
+2 2
+7 1

fl=(19)
fn=(46)
128 15
+6 15
+1 15
+1 8
+1 8
+5 5
+1 5
+1 5
+1 5
+5 5
280 7
+1 7
+1 1
+1 1
+1 1
+1 1
+1 1
+1 1
+1 1
+2 1
+22 6
+1 6
+1 6
+1 6
+1 6
+24 3
+1 3
+1 3
+1 3
+2 3
+1 3
+1 3
+1 3
+1 3
+1 3
+1 3
+1 3
+1 3
+1 3
+1 3
+1 3
+1 3
+1 3
+1 3
+1 3
+2 3

fn=(76)
115 26
+1 26
+1 26
+17 26
+1 26
+1 4
+1 4
+5 3
+1 3
+1 3
+1 3
+5 3
280 22
+1 22
+1 9
+1 9
+1 3
+1 3
+1 1
+4 1
+22 13
+1 13
+1 13
+1 13
+1 13
+3 6
+1 6
+1 6
+1 6
+1 6
+3 2
+1 2
+1 2
+1 2
+1 2
+10 1
+1 1
+1 1
+1 1
+2 1
+1 1
+1 1
+1 1
+1 1
+1 1
+1 1
+1 1
+1 1
+1 1
+1 1
+1 1
+1 1
+1 1
+1 1
+1 1
+2 1

fl=(26)
fn=(124) open_verify.constprop.0
1466 110
+39 10
-39 10
+39 20
+31 40
cfi=(38)
cfn=(126)
calls=10 37 
* 204
* 10
+2 20
+11 2
+6 4
-5 2
+5 16
cfi=(39)
cfn=(128)
calls=2 26 
* 10
+2 4
+2 4
+2 4
+6 4
+16 18
-65 8
1765 90
1583 14
+74 4
+5 4
+2 8
+6 4
+6 2
+1 2
-1 6
+1 6
+1 4
+20 8
1543 4
1698 96
+1 40
+1 8
+4 8
+17 2
+8 18
+15 2
+6 3
-3 1
+1 1
+3 1
-3 2
+1 1
-1 1
-1 1
+4 2
1583 3
1761 4
cob=(2)
cfi=(17)
cfn=(92)
calls=2 0 
* 10
* 2
-29 18
-1 2
+4 6
+5 1
+1 2
-36 8

fn=(70)
681 1
+13 2
-13 8
+13 3
cfi=(27)
cfn=(72)
calls=1 42 
* 733
+5 1
-5 1
+5 1
cfi=(18)
cfn=(44)
calls=1 49 
* 24
* 1
-1 1
+2 2
+7 2
+1 4
-1 3
+4 4
cfi=(18)
cfn=(44)
calls=1 49 
* 24
* 1
* 2
+2 2
+7 1
+10 1
-2 2
+2 1
+3 2
+9 1
-7 1
+7 2
-3 1
-20 1
+12 1
+3 1
+8 1
-3 1
+1 16
cfi=(29)
cfn=(78)
calls=4 109 
* 48
+2 18
-14 3
+10 3
-10 3
+14 3
-12 6
+4 3
+4 3
-7 3
+3 3
+1 3
-2 3
+5 3
+1 3
-4 3
+4 3
+14 1
-11 1
+6 1
+1 1
+5 2
+2 4
+2 3
+38 5
-19 1
-2 1
+2 2
+21 3
cfi=(13)
cfn=(28)
calls=1 79 
* 16
* 8
cfi=(19)
cfn=(46)
calls=1 128 
* 10
* 1
+5 4
-1 2
+2 1
+1 1
-1 15
+1 13
-1 26
-1 56
+5 2
cfi=(18)
cfn=(44)
calls=1 49 
* 24
* 1
-1 1
+1 1
+1 2
+6 6
cfn=(80) fillin_rpath.isra.0
calls=1 445 
* 645
+3 3
+6 1
+4 8
-37 2

fn=(120)
1927 27
+8 6
+1 12
+3 42
+5 49
+2 21
cfi=(37)
cfn=(122)
calls=7 282 
* 756
* 14
+4 12
+1 18
+3 2
+1 2
+1 2
-1 2
+1 2
cfi=(21)
cfn=(56)
calls=2 144 
* 48
* 4
2238 27
1974 2
-2 2
+2 4
-2 4
-43 2
+53 6
+36 4
-2 2
+2 2
cfi=(30)
cfn=(88)
calls=2 24 
* 46
* 4
2169 2
-1 3
cfn=(84) expand_dynamic_string_token
calls=1 378 
* 251
+2 1
-3 1
+1 1
+2 2
+4 6
cfn=(124)
calls=1 1466 
* 232
* 1
+3 2
+12 4
+46 1
+1 3
-1 1
+1 9
cfn=(130) _dl_map_object_from_fd
calls=1 866 
* 1601
-1 1
+1 3
-1 1
+1 9
cfn=(130)
calls=1 866 
* 1910
* 6
2022 2
cfi=(13)
cfn=(28)
calls=1 79 
* 16
* 2
+2 2
+7 4
+36 12
cfn=(152) open_path
calls=1 1779 
* 1375
+6 1
-6 1
+6 4
+88 2
+28 4
+2 4
2035 5
+8 4
-3 3
659 1
2041 1
659 3
2074 1
659 2
2055 4
+1 8
659 1
2057 1
659 2
2066 2
+1 2
+15 1
+14 2
+2 3
+4 2
cfi=(49)
cfn=(156)
calls=1 187 
* 1428
* 1
+2 2
+4 2
+8 3
+23 7
cfn=(124)
calls=1 1466 
* 243
+4 2
-4 1
+4 1
+1 2

fn=(152)
1779 8
+1 1
-1 6
+1 1
+6 2
+5 2
-7 1
+7 1
-8 1
+8 6
+3 3
+9 6
+7 3
-12 1
+13 1
-1 1
cfi=(19)
cfn=(76)
calls=1 115 
* 12
* 1
+47 3
+8 2
-54 58
+3 24
+4 64
cfi=(19)
cfn=(76)
calls=8 115 
* 103
* 32
cfi=(19)
cfn=(76)
calls=8 115 
* 96
+3 16
+3 24
+3 56
cfn=(124)
calls=8 1466 
* 424
* 8
+2 24
+2 16
+65 7
+7 2
-2 1
+2 3
+3 3
-13 1
+27 9
-84 40
+1 64
+6 16
+2 16
-2 24
+2 16
cfi=(48)
cfn=(154)
calls=8 33 
* 101
* 8
+3 8
-3 16
+1 1
+2 1
-2 1
+2 30

fn=(84)
378 6
+10 2
-10 8
+10 2
cfn=(86)
calls=2 231 
* 145
+3 4
+12 2
-11 2
+11 8
-11 2
cfi=(31)
cfn=(90)
calls=2 40 
* 196

fn=(80)
445 7
+4 1
-4 9
+6 3
cfi=(18)
cfn=(82)
calls=1 265 
* 284
* 3
cfi=(18)
cfn=(82)
calls=1 265 
* 9
* 6
+7 2
+2 3
cfn=(84)
calls=1 -82 
* 126
* 1
+4 2
+5 2
cfi=(13)
cfn=(28)
calls=1 79 
* 16
* 1
+1 2
+7 5
+9 17
+1 8
+55 2
+2 2
cob=(2)
cfi=(17)
cfn=(92)
calls=1 0 
* 5
* 1
-39 2
+4 9
cfi=(18)
cfn=(44)
calls=1 49 
* 24
* 1
+2 3
-2 1
+2 1
+5 1
+1 3
-2 1
+2 1
cfi=(19)
cfn=(76)
calls=1 115 
* 12
+3 2
-3 1
+1 1
+2 1
+6 3
+1 1
-1 1
+1 3
+1 1
-1 3
+1 7
-1 21
+3 1
+1 1
-1 1
+1 1
+7 1
+1 2
-57 4
+23 2
+43 1
+3 8
-15 2

fn=(86)
231 4
+3 4
-3 8
+7 4
-7 8
+3 4
cfi=(30)
cfn=(88)
calls=4 24 
* 181
+3 8
+20 28

fn=(130)
866 22
+10 2
-10 2
+10 2
-10 4
+10 2
cfi=(32)
cfn=(96)
calls=2 49 
* 16
* 2
+7 8
+61 8
+10 4
+7 8
+33 4
877 2
997 14
cfi=(16)
cfn=(36)
calls=2 59 
* 838
* 2
+1 4
+11 2
+5 2
-5 2
+1 4
+1 2
+2 2
-2 2
+2 4
+1 6
+1 4
+19 2
-2 2
+2 6
+8 2
-8 2
+8 4
-8 6
+8 2
-8 2
+8 4
+90 2
-6 2
-90 2
+30 2
+23 2
+43 2
-6 2
-91 2
+31 2
+66 2
-52 2
-50 4
+13 52
+17 2
+1 1
-19 57
+1 103
1144 2
1042 2
1144 2
+1 4
1042 6
1157 6
1010 4
1170 4
+10 4
fi=(43) ./elf/./dl-map-segments.h
56 4
fe=(26)
1180 6
fi=(43)
56 2
fe=(26)
1180 6
fi=(43)
56 4
-6 2
+6 4
-6 2
+6 2
cfi=(42)
cfn=(136)
calls=2 -5 
* 38
+4 4
-4 2
+4 2
+3 4
+1 2
+2 2
-3 2
+1 2
+2 2
+14 2
+2 2
fi=(44) ./elf/./dl-load.h
+8 16
+1 6
+2 16
fi=(43)
+11 32
+8 2
-2 2
+1 2
+2 2
-1 2
+1 2
-1 2
+3 4
+5 4
+3 4
+8 16
cfi=(29)
cfn=(78)
calls=2 -22 
* 312
+1 6
+5 4
+12 8
-59 40
+2 12
+2 6
-2 12
+2 48
cfi=(42)
cfn=(136)
calls=6 -43 
* 102
* 18
fe=(26)
1043 22
+23 24
+5 56
+10 16
-1 8
+4 16
-4 8
-1 8
+2 16
+2 8
-2 8
-1 8
+1 8
+1 8
-1 8
+2 8
+1 8
+4 16
+1 30
+5 6
-1 6
+1 6
-1 6
+1 24
-15 6
+15 12
+10 6
-10 2
-1 2
+1 2
-1 2
+1 8
-15 2
+15 4
+10 2
-55 4
+5 4
+1 8
+52 3
+4 1
+1 2
-58 1
+62 5
+1 1
+3 1
-3 1
+8 4
+15 4
+1 2
fi=(40) ./elf/../sysdeps/posix/dl-fileid.h
37 8
cfi=(41)
cfn=(134)
calls=2 -4 
* 20
* 4
fe=(26)
901 4
fi=(40)
40 2
+1 2
fe=(26)
901 2
fi=(40)
40 2
fe=(26)
901 2
fi=(40)
41 2
fe=(26)
901 21
+1 10
fi=(40)
49 12
fe=(26)
1417 18
920 4
fi=(43)
73 10
cfi=(51)
cfn=(164) mprotect
calls=1 +44 
* 5
* 3
fe=(26)
1192 8
+9 6
fi=(3)
42 2
+6 2
-2 2
+2 4
+15 2
+5 2
+3 2
-2 2
-2 2
-3 4
-1 40
+1 24
-16 8
+26 8
-26 53
+26 37
-26 74
+2 90
+17 70
fi=(44)
+27 4
+2 1
-1 2
+1 1
-1 1
+1 1
-1 1
+1 1
-1 2
+3 4
fi=(3)
-33 10
+3 8
+3 8
+1 4
+1 4
+8 4
+20 7
+1 8
+1 8
+1 8
+2 8
+5 8
+1 7
+1 8
+5 6
+5 4
+7 4
+1 6
+18 6
+5 2
+2 2
+2 2
+2 2
+3 6
+2 3
+1 2
+9 2
+5 2
+3 4
fe=(26)
1208 4
+2 4
+19 6
+19 4
+2 10
+48 6
+1 2
+3 2
cfi=(45)
cfn=(144)
calls=1 26 
* 5
* 2
cfi=(45)
cfn=(144)
calls=1 26 
* 5
* 4
+9 4
+2 8
+2 4
+16 4
cfi=(6)
cfn=(10)
calls=2 964 
* 46
+4 4
+1 4
+17 4
+4 2
+5 2
-5 2
+5 2
+10 4
+9 4
+1 4
+5 1
cfi=(33)
cfn=(166)
calls=1 107 
* 6
* 1
+7 3
cfi=(16)
cfn=(50)
calls=1 31 
* 45
* 3
cfi=(16)
cfn=(50)
calls=1 31 
* 41
+4 6
-44 2
fi=(43)
141 8
cfi=(42)
cfn=(136)
calls=1 -90 
* 17
+3 2
fe=(26)
1207 2

fl=(29)
fn=(78)
109 65
+6 13
+1 13
+1 6
+1 6
+2 4
+1 4
+2 4
+65 2
+1 2
+10 2
+1 2
+1 2
+1 2
+1 2
+1 2
+1 2
+1 2
+1 2
+1 2
+1 2
+1 2
+1 2
+1 2
+2 40
+1 40
+1 40
+1 40
+1 40
+1 40
+1 40
+1 2
+15 7
+1 7
+1 7
+1 6
+1 6
+1 2
+1 2
+24 1
+1 1
+2 1
+3 4
+1 4
+2 4
+3 2
+1 2
+2 2

fl=(8)
fn=(26)
371 120
+9 20
-9 78
+9 3
+17 100
+2 20
-9 17
+1 17

fn=(14)
287 8
-9 5
67 149
+6 48
-3 48
+3 4453
-6 96
362 8
77 96
+5 48
-9 48
-6 48
fi=(9) ./elf/dl-tunables.h
+52 48
fe=(8)
-37 144
fi=(9)
+38 130
-1 51
+5 17
-5 34
+1 130
fe=(8)
328 192
-12 6720
fi=(9)
119 864
fe=(8)
-52 432
fi=(9)
+52 1296
+1 914
-1 582
+1 914
fe=(8)
310 5376
70 96

fl=(55)
fn=(180) _dl_check_map_versions
156 28
+15 4
-15 8
+15 8
+2 12
+2 4
+1 4
-1 4
+1 4
+2 8
+3 4
-16 2
-8 2
+28 2
-4 2
+4 6
+16 2
37 2
201 2
37 2
201 2
37 10
+1 5
-1 10
+2 21
cfi=(37)
cfn=(122)
calls=7 282 
* 789
* 14
209 6
+5 2
-71 4
+71 4
-71 6
+79 2
-2 2
-2 4
+4 2
-4 12
+4 3
-2 3
-2 6
+4 3
-4 33
57 6
+8 9
-8 4
+8 6
+6 15
+16 5
+1 10
+2 5
+5 50
+14 64
+12 81
+4 27
-30 54
225 20
+3 15
+5 3
-11 3
111 5
+3 20
cfi=(21)
cfn=(56)
calls=5 +30 
* 166
* 27
237 8
+14 4
+3 6
+3 12
+3 8
+4 2
-7 8
+3 6
+4 33
-7 132
+3 101
+8 6
+89 36
165 2
+86 2
-94 2
+94 3
+23 12
cfi=(18)
cfn=(40)
calls=3 92 
* 99
* 3
-1 3
+1 3
+1 6
+13 3
-3 3
+3 6
+2 9
+3 6
+4 6
+18 3
-15 3
+2 3
-2 3
+2 3
-2 3
+2 6
-2 2
+2 2
-2 2
+2 2
-2 2
+2 4
+2 5
+1 5
-1 15
+1 5
+1 5
-2 5
+2 10
+1 15
+3 15
+8 6
+10 9
+3 8
+20 35
-14 74
-2 35
+6 35
+1 35
+1 35
-1 105
+1 35
-1 35
+1 35
+1 35
+3 113

fn=(178)
362 5
+4 5
-2 2
+4 24
cfn=(180)
calls=4 156 
* 2926
-2 4
+2 12
-1 4
-1 8
+5 7

fl=(109) ./elf/dl-open.c
fn=(426) _dl_find_dso_for_object
201 5
+4 5
+1 4
+1 12
+1 2
-2 6
+5 2
+4 7

fl=(25)
fn=(68)
120 4
+2 1

fl=(41)
fn=(134)
33 9
+1 6
+1 12
+4 3

fl=(6)
fn=(198) _dl_lookup_symbol_x
841 945
582 105
841 420
582 315
-1 210
+2 105
-1 105
+1 315
-1 315
+1 1304
-1 1304
+1 3912
-1 3912
+2 105
847 105
-4 105
+8 105
-8 105
+1 210
+7 293
+5 105
+5 105
-7 105
+2 105
-2 105
+6 210
-7 630
+7 20
+29 10
-29 30
+1 1365
cfn=(200) do_lookup_x
calls=105 368 
* 35146
* 315
+28 95
-23 210
+24 570
+40 95
-40 95
+40 380
+14 285
+3 285
+5 190
+2 945
-86 60
+17 10
+1 20
+59 2

fn=(202) check_match
75 388
+3 97
-3 776
+3 194
+13 380
-13 380
+13 190
+3 318
cfi=(21)
cfn=(56)
calls=32 +50 
* 1489
* 64
+4 95
+1 190
+2 188
+19 188
+1 752
+39 95
+7 570
-18 2
+2 2
+1 1
-1 2
+1 3
-1 2
+16 12
-45 282
cfi=(21)
cfn=(56)
calls=94 +22 
* 2698
* 188
-44 8
+82 4

fn=(200)
368 735
+1 105
-1 840
+48 105
-41 105
+76 105
-35 210
-16 987
+8 329
-4 329
+1 329
+3 658
+1 987
+3 329
+1 658
+7 329
-3 658
-2 329
+5 1316
+3 2303
571 705
379 660
+3 660
+4 1326
+4 658
+4 658
+88 190
fi=(20)
126 285
fe=(6)
533 190
+3 712
+16 190
+1 95
+1 190
427 392
-1 196
+2 196
+2 98
+6 392
-6 98
+6 784
+7 294
-10 965
+3 97
-1 97
+1 194
-1 97
+1 97
-1 97
+2 97
-1 97
+1 97
-1 970
cfn=(202)
calls=97 75 
* 9558
+4 291
+3 4
574 10
+1 840
-35 36
-66 6
176 21
+5 760

fn=(10)
964 12
+2 4
+2 8
+2 4
-1 4
+3 12
+1 4
+4 4
-3 4
+7 4
-7 4
+3 4
-1 4
+3 4
+2 4
-7 4
+7 4
+5 4

fl=(56)
fn=(190)
167 40
+15 4
-15 8
+15 4
+1 20
+6 8
+6 20
-18 8
+22 8
+7 16
+40 4
fi=(5)
76 4
fe=(56)
246 8
fi=(5)
76 12
+6 6
+4 9
+14 3
-8 3
+8 6
+20 6
+11 12
fe=(56)
274 126
-96 18
fi=(4)
47 3
+1 3
-2 3
+1 3
+11 6
fe=(56)
274 1
-96 6
fi=(4)
47 1
+1 1
-2 1
+1 1
+11 2
-11 4
+1 4
-2 4
+1 4
+11 8
-7 3
-1 3
+11 12
fi=(5)
552 58
+4 58
+3 87
+1 29
fi=(4)
61 87
+2 276
+2 120
-4 120
+13 6
+1 5
+1 80
fi=(5)
552 40
+26 40
-1 80
-25 40
+26 80
+1 40
cob=(3)
cfi=(60)
cfn=(296)
calls=1 32 
* 5
cob=(3)
cfi=(63)
cfn=(294)
calls=1 32 
* 9
cob=(3)
cfi=(81)
cfn=(290)
calls=1 34 
* 10
cob=(3)
cfi=(58)
cfn=(286)
calls=1 36 
* 11
cob=(3)
cfi=(58)
cfn=(282)
calls=1 36 
* 11
cob=(3)
cfi=(70)
cfn=(280)
calls=1 30 
* 6
cob=(3)
cfi=(64)
cfn=(278)
calls=1 32 
* 9
cob=(3)
cfi=(63)
cfn=(276)
calls=1 32 
* 9
cob=(3)
cfi=(60)
cfn=(272)
calls=1 32 
* 5
cob=(3)
cfi=(63)
cfn=(270)
calls=1 32 
* 9
cob=(3)
cfi=(63)
cfn=(268)
calls=1 32 
* 9
cob=(3)
cfi=(77)
cfn=(266)
calls=1 40 
* 12
cob=(3)
cfi=(70)
cfn=(264)
calls=1 30 
* 6
cob=(3)
cfi=(76)
cfn=(262)
calls=1 37 
* 6
cob=(3)
cfi=(74)
cfn=(258)
calls=2 32 
* 20
cob=(3)
cfi=(73)
cfn=(256)
calls=1 40 
* 12
cob=(3)
cfi=(57)
cfn=(254)
calls=1 45 
* 20
cob=(3)
cfi=(58)
cfn=(250)
calls=1 36 
* 11
cob=(3)
cfi=(60)
cfn=(246)
calls=1 32 
* 5
cob=(3)
cfi=(70)
cfn=(244)
calls=1 30 
* 6
cob=(3)
cfi=(63)
cfn=(242)
calls=2 32 
* 18
cob=(3)
cfi=(64)
cfn=(240)
calls=2 32 
* 18
cob=(3)
cfi=(69)
cfn=(238)
calls=1 42 
* 18
cob=(3)
cfi=(68)
cfn=(236)
calls=1 41 
* 11
cob=(3)
cfi=(67)
cfn=(234)
calls=1 41 
* 14
cob=(3)
cfi=(65)
cfn=(230)
calls=1 34 
* 10
cob=(3)
cfi=(57)
cfn=(228)
calls=1 45 
* 20
cob=(3)
cfi=(64)
cfn=(226)
calls=1 32 
* 9
cob=(3)
cfi=(64)
cfn=(224)
calls=2 32 
* 18
cob=(3)
cfi=(63)
cfn=(222)
calls=1 32 
* 9
cob=(3)
cfi=(63)
cfn=(220)
calls=1 32 
* 9
cob=(3)
cfi=(58)
cfn=(216)
calls=1 36 
* 11
cob=(3)
cfi=(60)
cfn=(212)
calls=1 32 
* 5
cob=(3)
cfi=(58)
cfn=(208)
calls=1 36 
* 11
cob=(3)
cfi=(57)
cfn=(206)
calls=2 45 
* 40
fi=(4)
75 40
fi=(5)
580 40
fi=(4)
75 82
fe=(56)
274 32
+3 12
+24 4
+3 8
+17 8
196 8
fi=(4)
84 5
-1 5
+3 5
+12 5
-12 5
-3 5
+15 10
+10 6
+10 20
+3 12
+3 8
-73 3
fi=(5)
491 3
fi=(4)
50 3
fi=(5)
491 3
fi=(4)
127 420
+9 210
+1 105
-1 210
+1 105
+2 105
-2 105
+2 210
-1 210
fi=(5)
276 210
+21 210
+4 210
+7 420
fi=(20)
126 264
fi=(5)
308 1716
fi=(4)
138 84
fi=(5)
308 84
fi=(4)
138 84
fi=(5)
308 84
fi=(4)
138 84
fi=(5)
308 168
fi=(4)
138 1
fi=(5)
308 1
fi=(4)
138 1
fi=(5)
308 1
fi=(4)
138 1
fi=(5)
308 1022
cfi=(6)
cfn=(198)
calls=85 841 
* 45454
* 510
+1 264
+24 630
457 261
+1 87
fi=(4)
124 315
+19 15
fi=(5)
429 51
+4 68
+5 17
+9 17
-9 34
+9 34
+50 3
+4 6
cfi=(19)
cfn=(46)
calls=1 128 
* 10
+2 3
+1 1
fi=(4)
111 9
+1 3
fi=(5)
536 3
fi=(4)
112 3
fi=(5)
536 6
fi=(4)
112 1216
fi=(5)
536 1216
fi=(4)
112 1216
fi=(5)
536 2432
+5 2438
+1 1219
fi=(4)
111 1219
fi=(5)
542 2438
fi=(4)
111 2475
fi=(5)
309 150
+3 99
-3 99
+3 198
-4 23
+1 82
+3 82
-3 164
fe=(56)
-35 24
+48 8
cfn=(300) _dl_protect_relro
calls=4 +7 
* 96
+1 32
fi=(5)
124 12
-2 6
fe=(56)
274 2
fi=(5)
+34 99
fi=(4)
51 1
160 4
+2 20
+9 15
-1 30
fi=(5)
276 10
+21 10
+4 10
+7 20
fi=(20)
126 15
fi=(5)
308 165
cfi=(6)
cfn=(198)
calls=5 841 
* 2494
* 35
+1 15
+24 30
457 15
+1 5
fi=(4)
160 15
+14 4
fi=(5)
309 1
+3 1
-3 1
+3 2
-3 1
+3 1
-3 2
fe=(56)

fn=(300)
329 4
-1 8
+1 16
+3 4
-3 4
+3 4
+4 8
+7 8
-6 12
cfi=(51)
cfn=(164)
calls=4 117 
* 20
* 8

fl=(52)
fn=(168)
34 2
-4 2
+1 2
+3 2
-3 2
-1 2
+5 2
-5 4
+5 2
+11 2
-1 4
+18 8

fl=(11)
fn=(20)
31 5
+2 2
+6 1
+1 1

fl=(38)
fn=(126)
37 11
-3 33
+3 66
+8 77
+2 3
-2 24
+2 8

fl=(84)
fn=(316) call_init.part.0
28 32
+8 4
-8 4
+11 4
-3 8
+3 12
+5 9
+5 4
+9 12
cob=(3)
cfi=(86)
cfn=(328)
calls=1 -6 
* 86
cob=(2)
cfi=(17)
cfn=(318)
calls=1 -58 
* 6
+3 2
+1 4
+6 2
+2 4
-2 4
+3 10
+1 8
cob=(3)
cfi=(90)
cfn=(338)
calls=1 +12 
* 11
cob=(4)
cfi=(85)
cfn=(322) 0x0000000000001100
calls=1 -72 
* 11
* 4
cob=(3)
cfi=(91)
cfn=(340)
calls=1 488 
* 1714
-1 9
+3 24
-29 3
-5 3

fn=(314)
79 11
+1 1
+1 1
+3 3
+8 2
+25 1
+1 5
+1 2
-89 2
+89 6
-89 18
cfn=(316)
calls=3 -2 
* 1924
+88 12
+7 8
-95 3
cfn=(316)
calls=1 -2 
* 70
+57 2

fl=(51)
fn=(310)
117 4
+5 1

fn=(164)
117 20
+5 5

fl=(36)
fn=(116)
32 3
+9 3
+1 6
+1 3
+4 3
+1 3
+1 3
+1 3
+1 3
+2 6
+2 3
+1 3
+3 6
+2 3
+19 3
+1 3

fl=(101)
fn=(390)
66 30
+6 30
-6 15
+3 30
+3 45
-4 15
+5 15
+2 15
-2 75
+2 15
-2 15
+2 15
+5 30
+4 30
+4 45
+4 30
+1 60
-7 60
+16 15
-1 15
+1 30
+10 150
cfi=(6)
cfn=(198)
calls=15 841 
* 7840
* 15
+4 75
+10 135
+7 15
+8 60
+4 45
fi=(5)
+97 15
fe=(101)
-93 60
fi=(133) ./elf/../sysdeps/x86_64/dl-irel.h
32 4
cob=(3)
cfi=(57)
cfn=(254)
calls=1 +13 
* 20
cob=(3)
cfi=(68)
cfn=(236)
calls=1 +9 
* 11
cob=(3)
cfi=(69)
cfn=(238)
calls=1 +10 
* 18
cob=(3)
cfi=(63)
cfn=(276)
calls=1 * 
* 9
* 8
fe=(101)

ob=(4)
fl=(85)
fn=(766) 0x0000000000001050
0 5

fn=(322)
0 11

fn=(756)
0 8
cob=(2)
cfi=(17)
cfn=(762)
calls=1 0 
0 75
0 1
cfn=(766)
calls=1 0 
0 5
0 3

ob=(5)
fl=(93)
fn=(748) 0x0000000000001640
0 5

fn=(592) change_ch1_to_ch2_and_count_in_ch_buff(char, char, char*, int)
0 18
cob=(1)
cfi=(100)
cfn=(388)
calls=1 72 
0 165207
0 5
0 10

fn=(618) list_init(List_t*, char const*, unsigned long) [clone .part.0]
0 10487659

fn=(676) hash_table_deinit(Hash_table_t*)
0 691504
cob=(3)
cfi=(135)
cfn=(610)
calls=115249 109 
0 3104638
0 115249
0 230498
cob=(3)
cfi=(105)
cfn=(500)
calls=115249 3087 
0 18487126
0 115249
0 806748

fn=(362)
0 14
cob=(2)
cfi=(17)
cfn=(364)
calls=1 0 
0 6
0 8
cfn=(368) 0x00000000000016f0
calls=1 0 
0 11
0 11

fn=(398) read_file_to_created_buff(char const*, int*)
0 11
cob=(1)
cfi=(100)
cfn=(388)
calls=1 72 
0 75807
0 5
0 6
cfn=(472) get_file_length(_IO_FILE*, int)
calls=1 0 
0 2135
0 8
cob=(1)
cfi=(100)
cfn=(388)
calls=1 72 
0 896
0 5
0 6
cob=(1)
cfi=(100)
cfn=(388)
calls=1 72 
0 1157
0 5
0 6
cob=(1)
cfi=(100)
cfn=(388)
calls=1 72 
0 1179
0 5
0 5

fn=(602) make_text_must_free(char*, int, int*)
0 21
cob=(3)
cfi=(134)
cfn=(600)
calls=1 33 
0 20
0 1
0 725907
cob=(3)
cfi=(134)
cfn=(600)
calls=72590 33 
0 1608103
0 72590
0 145184
cob=(3)
cfi=(105)
cfn=(528)
calls=1 3366 
0 287
0 1
0 8
cfn=(604) fill_string_split_by_separator_from_ch_buff(str*, char, char*, int)
calls=1 0 
0 2987399
0 14

fn=(614) hash_table_init(Hash_table_t*, char const*)
0 17
cob=(3)
cfi=(105)
cfn=(528)
calls=1 3366 
0 250
0 1
0 460992
cob=(3)
cfi=(105)
cfn=(528)
calls=115248 3366 
0 28920027
0 115248
0 1037241
cfn=(618)
calls=115249 0 
0 10487659
0 230505

fn=(666) recalloc_safe(void*, long long, long long, unsigned long)
0 14960
cob=(3)
cfi=(105)
cfn=(528)
calls=935 3366 
0 239644
0 935
0 9350
cob=(3)
cfi=(130)
cfn=(554)
calls=934 128 
0 26624
cob=(1)
cfi=(100)
cfn=(388)
calls=1 72 
0 651
0 939
0 1870
cob=(3)
cfi=(105)
cfn=(500)
calls=934 3087 
0 94050
cob=(1)
cfi=(100)
cfn=(388)
calls=1 72 
0 693
0 939
0 6545

fn=(664) list_resize_if_needed(List_t*, bool) [clone .part.0]
0 12096110
cfn=(666)
calls=935 0 
0 397200
0 106675

fn=(472)
0 9
cob=(1)
cfi=(100)
cfn=(388)
calls=1 72 
0 1173
0 5
0 4
cob=(1)
cfi=(100)
cfn=(388)
calls=1 72 
0 711
0 5
0 7
cob=(3)
cfi=(120)
cfn=(478)
calls=1 32 
0 213
0 1
0 7

fn=(604)
0 23
cob=(3)
cfi=(134)
cfn=(600)
calls=1 33 
0 20
0 1
0 1161462
cob=(3)
cfi=(134)
cfn=(600)
calls=72591 33 
0 1608111
0 72591
0 145191

fn=(350)
0 11
cob=(3)
cfi=(94)
cfn=(352)
calls=1 137 
0 2425572033

fn=(368)
0 11

fn=(380)
0 8
cob=(1)
cfi=(100)
cfn=(388)
calls=1 72 
0 637
0 5
0 5
cfn=(398)
calls=1 0 
0 81236
0 7
cfn=(592)
calls=1 0 
0 165240
0 5
cfn=(602)
calls=1 0 
0 5539535
0 8
cob=(1)
cfi=(100)
cfn=(388)
calls=1 72 
0 706543
0 5
0 3
cfn=(614)
calls=1 0 
0 41251940
0 4
cob=(1)
cfi=(100)
cfn=(388)
calls=1 72 
0 2061
0 5
0 760234603
cob=(3)
cfi=(141)
cfn=(662)
calls=4216999 24 
0 84631479
cob=(1)
cfi=(100)
cfn=(388)
calls=1 72 
0 645
0 4217004
0 1003848900
cob=(3)
cfi=(141)
cfn=(662)
calls=9057900 24 
0 195939900
0 9057900
0 81620702
cfn=(676)
calls=1 0 
0 23551012
0 2
cob=(3)
cfi=(105)
cfn=(500)
calls=1 3087 
0 67
0 1
0 2
cob=(3)
cfi=(105)
cfn=(500)
calls=1 3087 
0 56
0 1
0 1
cob=(3)
cfi=(102)
cfn=(394)
calls=1 25 
0 43
0 1
0 7
cob=(3)
cfi=(136)
cfn=(624)
calls=1 28 
0 3402
0 1
0 148694609
cfn=(664)
calls=2418100 0 
0 12599985
0 53423100

fn=(730)
0 8
cob=(2)
cfi=(17)
cfn=(736)
calls=1 0 
0 75
0 1
cfn=(748)
calls=1 0 
0 5
0 3

totals: 2425693687
